fecha	cols	rows	min_gain_to_split	max_depth	max_bin	seed	extra_trees	metric	first_metric_only	objective	boost_from_average	force_row_wise	feature_pre_filter	boosting	num_threads	verbosity	verbose	learning_rate	feature_fraction	num_leaves	min_data_in_leaf	lambda_l1	lambda_l2	bagging_fraction	num_iterations	rmse_validate	rmse_test	ganancia	iteracion_bayesiana
20251210 092751	3154	435	0	-1	255	999983	FALSE	rmse	TRUE	regression	TRUE	TRUE	FALSE	gbdt	0	-100	-100	0.119522282329105	0.362005779790759	325	8	3.21357513873539	3.99570562319631	0.888863197624284	232	56.5722887668303	91.7947118013234	91.7947118013234	1
20251210 092930	3154	435	0	-1	255	999983	FALSE	rmse	TRUE	regression	TRUE	TRUE	FALSE	gbdt	0	-100	-100	0.0862685140461794	0.455076599570124	448	191	2.86457601826571	3.86563124118506	0.64143124243045	18281	88.8440672550819	130.093514753838	130.093514753838	2
20251210 093117	3154	435	0	-1	255	999983	FALSE	rmse	TRUE	regression	TRUE	TRUE	FALSE	gbdt	0	-100	-100	0.148441460961143	0.568948191958147	1418	102	4.52048065323782	6.19469018012751	0.755135719301844	11653	63.1594654397704	100.818225627209	100.818225627209	3
20251210 093140	3154	435	0	-1	255	999983	FALSE	rmse	TRUE	regression	TRUE	TRUE	FALSE	gbdt	0	-100	-100	0.134375564789849	0.586204172359846	875	173	1.77711723010621	5.86251101423321	0.813535175788482	3390	96.0719444460188	126.449884376234	126.449884376234	4
20251210 093316	3154	435	0	-1	255	999983	FALSE	rmse	TRUE	regression	TRUE	TRUE	FALSE	gbdt	0	-100	-100	0.0806964550888266	0.624750219691279	504	136	3.37903506392779	5.59490385764678	0.777967579536406	10653	88.7158441162763	124.843448963135	124.843448963135	5
20251210 093332	3154	435	0	-1	255	999983	FALSE	rmse	TRUE	regression	TRUE	TRUE	FALSE	gbdt	0	-100	-100	0.155416065019256	0.709098904491735	152	215	4.40483955067715	3.17913620882401	0.663964087595897	1847	130.661827552912	132.043573747016	132.043573747016	6
20251210 093800	3154	435	0	-1	255	999983	FALSE	rmse	TRUE	regression	TRUE	TRUE	FALSE	gbdt	0	-100	-100	0.100786378241277	0.422530157596339	1266	115	1.81493379965624	0.990076638824706	0.836382783353994	37309	83.0763030341185	118.605853298415	118.605853298415	7
20251210 094401	3154	435	0	-1	255	999983	FALSE	rmse	TRUE	regression	TRUE	TRUE	FALSE	gbdt	0	-100	-100	0.113266454701495	0.842896876938175	665	120	2.32404920251741	8.77573254185596	0.76452817355083	32793	90.9045950228957	118.752650158286	118.752650158286	8
20251210 095947	3154	435	0	-1	255	999983	FALSE	rmse	TRUE	regression	TRUE	TRUE	FALSE	gbdt	0	-100	-100	0.0346367382071081	0.607318801146799	813	93	0.288935632270295	1.4253498780142	0.866972312291286	70458	78.6740477222515	113.085841802179	113.085841802179	9
20251210 100041	3154	435	0	-1	255	999983	FALSE	rmse	TRUE	regression	TRUE	TRUE	FALSE	gbdt	0	-100	-100	0.0592710187914781	0.396302700598192	733	156	2.06562128529185	5.17020890281336	0.619099985415648	10436	97.9655950158081	132.002208916275	132.002208916275	10
20251210 100222	3154	435	0	-1	255	999983	FALSE	rmse	TRUE	regression	TRUE	TRUE	FALSE	gbdt	0	-100	-100	0.068013344969035	0.517046665578216	923	185	4.21887972762176	2.51131862609847	0.81703252193651	16772	89.3618537494001	127.952616198877	127.952616198877	11
20251210 100529	3154	435	0	-1	255	999983	FALSE	rmse	TRUE	regression	TRUE	TRUE	FALSE	gbdt	0	-100	-100	0.0169781741167286	0.737467135028315	254	54	0.499364905616468	8.26039167403776	0.873858862499973	10391	71.5615632959463	100.146974212231	100.146974212231	12
20251210 100530	3154	435	0	-1	255	999983	FALSE	rmse	TRUE	regression	TRUE	TRUE	FALSE	gbdt	0	-100	-100	0.143984689769235	0.813622849738957	790	229	2.68094655716725	1.97474938127146	0.955430757267667	1	274.470777350186	310.644551382509	310.644551382509	13
20251210 100553	3154	435	0	-1	255	999983	FALSE	rmse	TRUE	regression	TRUE	TRUE	FALSE	gbdt	0	-100	-100	0.162177420776653	0.764325957281315	1381	37	0.765503580540618	7.25862991721702	0.728898105051901	951	54.3224281739089	96.7440049681226	96.7440049681226	14
20251210 100602	3154	435	0	-1	255	999983	FALSE	rmse	TRUE	regression	TRUE	TRUE	FALSE	gbdt	0	-100	-100	0.176381038006761	0.476623125685312	435	16	3.87997291075798	4.82042191367197	0.604549683390983	370	73.3271613182549	101.822224241248	101.822224241248	15
20251210 100615	3154	435	0	-1	255	999983	FALSE	rmse	TRUE	regression	TRUE	TRUE	FALSE	gbdt	0	-100	-100	0.181143801539272	0.319478966664922	591	167	3.58207309053146	0.566721109041412	0.931415427978417	2893	99.4690264266912	120.510315626557	120.510315626557	16
20251210 100705	3154	435	0	-1	255	999983	FALSE	rmse	TRUE	regression	TRUE	TRUE	FALSE	gbdt	0	-100	-100	0.0510257185202291	0.82175896071962	1094	23	2.62924935606342	4.61005348022029	0.904133551171981	1821	69.3855558863197	106.36722831799	106.36722831799	17
20251210 100827	3154	435	0	-1	255	999983	FALSE	rmse	TRUE	regression	TRUE	TRUE	FALSE	gbdt	0	-100	-100	0.043532772237252	0.88751584779072	1309	203	0.589143312245142	9.10041643032205	0.792243533478385	9932	105.779059284435	134.261968842285	134.261968842285	18
20251210 100947	3154	435	0	-1	255	999983	FALSE	rmse	TRUE	regression	TRUE	TRUE	FALSE	gbdt	0	-100	-100	0.0717078474244668	0.663423728838097	1187	143	4.87461141181744	8.15290137318828	0.644475520688242	9857	96.5317084821196	132.671506766323	132.671506766323	19
20251210 101006	3154	435	0	-1	255	999983	FALSE	rmse	TRUE	regression	TRUE	TRUE	FALSE	gbdt	0	-100	-100	0.186926692503787	0.778406972037296	977	59	1.60094655917159	1.54736233392863	0.965462867716061	908	86.6416924949901	107.794302589783	107.794302589783	20
20251210 101006	3154	435	0	-1	255	999983	FALSE	rmse	TRUE	regression	TRUE	TRUE	FALSE	gbdt	0	-100	-100	0.0470731750099055	0.699498281115666	79	250	1.22711277109504	7.50824113750631	0.971528095296318	1	274.470777350186	310.644551382509	310.644551382509	21
20251210 101020	3154	435	0	-1	255	999983	FALSE	rmse	TRUE	regression	TRUE	TRUE	FALSE	gbdt	0	-100	-100	0.106647074545451	0.324687760642597	62	42	0.89571789123251	6.89768546077955	0.848926344264432	1036	71.170827167983	110.537722212411	110.537722212411	22
20251210 101128	3154	435	0	-1	255	999983	FALSE	rmse	TRUE	regression	TRUE	TRUE	FALSE	gbdt	0	-100	-100	0.168777852541534	0.384632697317284	1455	79	3.93765177049707	3.48704546507049	0.691576430577386	10052	67.3221232149627	109.807511890564	109.807511890564	23
20251210 101239	3154	435	0	-1	255	999983	FALSE	rmse	TRUE	regression	TRUE	TRUE	FALSE	gbdt	0	-100	-100	0.126473952765477	0.862169972052133	343	146	4.68222209709763	6.77548989728426	0.918741769992214	9623	96.2807194948986	135.607923858983	135.607923858983	24
20251210 101240	3154	435	0	-1	255	999983	FALSE	rmse	TRUE	regression	TRUE	TRUE	FALSE	gbdt	0	-100	-100	0.0964473610116069	0.679432742540458	646	241	0.100688467708616	2.42016222560778	0.677897573242496	231	274.470777350186	310.644551382509	310.644551382509	25
20251210 102824	3154	435	0	-1	255	999983	FALSE	rmse	TRUE	regression	TRUE	TRUE	FALSE	gbdt	0	-100	-100	0.0124130745368477	0.540416713000741	1141	92	1.34913083382084	9.58030102491778	0.995230862568133	80710	78.3467531392054	111.992999719365	111.992999719365	26
20251210 102833	3154	435	0	-1	255	999983	FALSE	rmse	TRUE	regression	TRUE	TRUE	FALSE	gbdt	0	-100	-100	0.196623732854163	0.448260361970668	1026	218	2.159073910651	9.79911338945385	0.707339297278252	35	274.470777350186	310.644551382509	310.644551382509	27
20251210 103112	3154	435	0	-1	255	999983	FALSE	rmse	TRUE	regression	TRUE	TRUE	FALSE	gbdt	0	-100	-100	0.0255829474166135	0.507296367809509	204	73	3.41110014364988	0.324106289689163	0.727802578689131	17787	69.1404152328356	109.274519847667	109.274519847667	28
20251210 103416	3154	435	0	-1	255	999983	FALSE	rmse	TRUE	regression	TRUE	TRUE	FALSE	gbdt	0	-100	-100	0.106109668305616	0.883548945672908	12	191	4.95511187361016	1.59165529742739	0.60055442008383	25008	87.7909964457031	129.413422468871	129.413422468871	29
20251210 103435	3154	435	0	-1	255	999983	FALSE	rmse	TRUE	regression	TRUE	TRUE	FALSE	gbdt	0	-100	-100	0.140620450345983	0.672316604494574	510	8	1.12979119660587	5.62265829146271	0.726745408846059	383	63.7166471895806	92.7275976188913	92.7275976188913	30
20251210 105215	3154	435	0	-1	255	999983	FALSE	rmse	TRUE	regression	TRUE	TRUE	FALSE	gbdt	0	-100	-100	0.0137984899686244	0.896516183379505	1500	178	0.00251734644187903	9.8370673184525	0.886834887187038	99999	87.5691052734539	127.465426521271	127.465426521271	31
20251210 105252	3154	435	0	-1	255	999983	FALSE	rmse	TRUE	regression	TRUE	TRUE	FALSE	gbdt	0	-100	-100	0.144366238144271	0.309087113228919	1003	10	2.12760712627671	9.49368537520036	0.751252507253771	1066	57.6146977392457	94.3793688753293	94.3793688753293	32
20251210 105438	3154	435	0	-1	255	999983	FALSE	rmse	TRUE	regression	TRUE	TRUE	FALSE	gbdt	0	-100	-100	0.0925160025470582	0.695727836318079	790	52	2.23599580701096	9.5353723752943	0.62489424476467	7845	68.9393415380648	105.343343961757	105.343343961757	33
20251210 105452	3154	435	0	-1	255	999983	FALSE	rmse	TRUE	regression	TRUE	TRUE	FALSE	gbdt	0	-100	-100	0.152869302826342	0.32661657914343	854	16	1.20981581402345	0.222324048692794	0.811756233424295	809	95.3585219234957	104.571155525458	104.571155525458	34
20251210 105509	3154	435	0	-1	255	999983	FALSE	rmse	TRUE	regression	TRUE	TRUE	FALSE	gbdt	0	-100	-100	0.199446888725184	0.621221840887784	356	15	2.25132909368775	9.59746082354052	0.904650850911259	425	58.5606774397184	86.038639493584	86.038639493584	35
20251210 105522	3154	435	0	-1	255	999983	FALSE	rmse	TRUE	regression	TRUE	TRUE	FALSE	gbdt	0	-100	-100	0.199997389824726	0.84701573453575	880	5	2.98635015176726	8.51469510706064	0.837547320847818	229	58.4685642811255	102.094451958105	102.094451958105	36
20251210 105553	3154	435	0	-1	255	999983	FALSE	rmse	TRUE	regression	TRUE	TRUE	FALSE	gbdt	0	-100	-100	0.0530196362534621	0.659425444859771	14	12	2.41634630548154	9.91016395894343	0.780697024025698	902	71.8786785387551	95.4580177665151	95.4580177665151	37
20251210 105621	3154	435	0	-1	255	999983	FALSE	rmse	TRUE	regression	TRUE	TRUE	FALSE	gbdt	0	-100	-100	0.120543765674792	0.678058140634923	1120	16	0.231888509482447	9.9598801334461	0.996439709943246	608	65.0769466399122	93.771086501981	93.771086501981	38
20251210 105646	3154	435	0	-1	255	999983	FALSE	rmse	TRUE	regression	TRUE	TRUE	FALSE	gbdt	0	-100	-100	0.164920013597209	0.811458743003536	1188	71	0.273673307871708	9.99374296805371	0.719797923832847	1354	72.8990437958158	103.524655156159	103.524655156159	39
20251210 105728	3154	435	0	-1	255	999983	FALSE	rmse	TRUE	regression	TRUE	TRUE	FALSE	gbdt	0	-100	-100	0.181818033003154	0.850358774907233	499	28	0.364544755897424	9.94234453832973	0.893416761963778	2061	53.149784656362	89.4599478089081	89.4599478089081	40
20251210 105919	3154	435	0	-1	255	999983	FALSE	rmse	TRUE	regression	TRUE	TRUE	FALSE	gbdt	0	-100	-100	0.191146280389709	0.769493138897344	56	87	3.16185586802183	8.08610877645221	0.885446605549217	11083	78.4119916752027	112.921960496423	112.921960496423	41
20251210 105931	3154	435	0	-1	255	999983	FALSE	rmse	TRUE	regression	TRUE	TRUE	FALSE	gbdt	0	-100	-100	0.182894316870686	0.454368981005496	140	5	1.35009950126829	9.86976751731308	0.998506517674396	160	61.3224556136976	93.3639102579985	93.3639102579985	42
20251210 105950	3154	435	0	-1	255	999983	FALSE	rmse	TRUE	regression	TRUE	TRUE	FALSE	gbdt	0	-100	-100	0.0996233350158665	0.528972394421137	527	19	1.52841624756998	9.53275910748016	0.969108430282251	642	62.505986072091	95.3130569787024	95.3130569787024	43
20251210 105959	3154	435	0	-1	255	999983	FALSE	rmse	TRUE	regression	TRUE	TRUE	FALSE	gbdt	0	-100	-100	0.185322513633711	0.85714049148241	10	14	1.90564857077125	3.66384872393383	0.955369112378821	311	81.2399708717066	116.820987740189	116.820987740189	44
20251210 110011	3154	435	0	-1	255	999983	FALSE	rmse	TRUE	regression	TRUE	TRUE	FALSE	gbdt	0	-100	-100	0.156735167333791	0.529266790227383	337	9	4.69662519212329	9.86840885457295	0.894240312277515	210	48.2374028322868	87.8470767742492	87.8470767742492	45
20251210 110027	3154	435	0	-1	255	999983	FALSE	rmse	TRUE	regression	TRUE	TRUE	FALSE	gbdt	0	-100	-100	0.199602378642045	0.626371322331129	1004	32	3.31940973448206	9.99325230948354	0.901470797140074	712	62.3218179379447	107.109339620389	107.109339620389	46
20251210 110722	3154	435	0	-1	255	999983	FALSE	rmse	TRUE	regression	TRUE	TRUE	FALSE	gbdt	0	-100	-100	0.0174988329359795	0.873708093879253	1435	72	4.88082623906496	7.1517124357741	0.84360161582866	30442	68.3170914370272	107.860610276844	107.860610276844	47
20251210 110910	3154	435	0	-1	255	999983	FALSE	rmse	TRUE	regression	TRUE	TRUE	FALSE	gbdt	0	-100	-100	0.0429136619610591	0.413646151350114	417	9	0.00564690646863466	9.79312299569816	0.812034613181399	2630	46.9366714889411	87.7257965512799	87.7257965512799	48
20251210 111339	3154	435	0	-1	255	999983	FALSE	rmse	TRUE	regression	TRUE	TRUE	FALSE	gbdt	0	-100	-100	0.0367120650186071	0.686873466795061	691	28	0.00217373139867351	9.80268803593264	0.683897733541172	12013	62.0132603084152	91.1294566822839	91.1294566822839	49
20251210 111351	3154	435	0	-1	255	999983	FALSE	rmse	TRUE	regression	TRUE	TRUE	FALSE	gbdt	0	-100	-100	0.156244034222217	0.41066051536612	329	10	2.32897690881245	9.68146481547885	0.810028741606987	270	65.0043561638934	92.0462906926259	92.0462906926259	50
20251210 111641	3154	435	0	-1	255	999983	FALSE	rmse	TRUE	regression	TRUE	TRUE	FALSE	gbdt	0	-100	-100	0.0153195706566208	0.516903064345245	1490	6	0.00754409852516903	6.45796837737309	0.725264658879005	2170	56.9128269590474	82.8052999494551	82.8052999494551	51
20251210 111828	3154	435	0	-1	255	999983	FALSE	rmse	TRUE	regression	TRUE	TRUE	FALSE	gbdt	0	-100	-100	0.0102507103105072	0.329896021936162	1454	5	4.89948363006825	4.97173572713821	0.857249474669138	3218	62.7274642754836	89.7972628482817	89.7972628482817	52
20251210 112111	3154	435	0	-1	255	999983	FALSE	rmse	TRUE	regression	TRUE	TRUE	FALSE	gbdt	0	-100	-100	0.0102821330851969	0.553882056584055	1020	5	0.045855826499256	6.39837379673018	0.877455324998746	2171	60.9942303806854	88.3594984076223	88.3594984076223	53
20251210 112355	3154	435	0	-1	255	999983	FALSE	rmse	TRUE	regression	TRUE	TRUE	FALSE	gbdt	0	-100	-100	0.0139406964623841	0.636874812768398	1458	13	0.707006493293495	9.98881709215301	0.602713089580756	4350	60.2350873726976	92.2380834918453	92.2380834918453	54
20251210 113004	3154	435	0	-1	255	999983	FALSE	rmse	TRUE	regression	TRUE	TRUE	FALSE	gbdt	0	-100	-100	0.0123608088375727	0.75336286037491	11	207	4.9972480609911	2.38517434284037	0.610043938908134	45765	110.625552041179	144.54275672428	144.54275672428	55
20251210 113043	3154	435	0	-1	255	999983	FALSE	rmse	TRUE	regression	TRUE	TRUE	FALSE	gbdt	0	-100	-100	0.0541864578051324	0.323317706830444	1500	5	0.0552473366415501	8.1888622661338	0.897438239285382	465	58.2246005567875	89.8220990846096	89.8220990846096	56
20251210 113113	3154	435	0	-1	255	999983	FALSE	rmse	TRUE	regression	TRUE	TRUE	FALSE	gbdt	0	-100	-100	0.0703163406081739	0.377243660707614	1322	5	0.0373731770743477	4.1396111407679	0.607570823820724	244	56.7964975104524	95.8406847819433	95.8406847819433	57
20251210 113631	3154	435	0	-1	255	999983	FALSE	rmse	TRUE	regression	TRUE	TRUE	FALSE	gbdt	0	-100	-100	0.0129350877241829	0.463684453904102	1483	16	0.00407999993889582	6.0820200323461	0.762597686793295	10858	72.8464428851941	90.4840649912987	90.4840649912987	58
20251210 113905	3154	435	0	-1	255	999983	FALSE	rmse	TRUE	regression	TRUE	TRUE	FALSE	gbdt	0	-100	-100	0.0101491435672791	0.51654127095892	819	5	4.27146741109106	7.62280597261662	0.724502893668077	4407	56.3131986137906	87.4374858806356	87.4374858806356	59
20251210 113933	3154	435	0	-1	255	999983	FALSE	rmse	TRUE	regression	TRUE	TRUE	FALSE	gbdt	0	-100	-100	0.0817605752243312	0.576686468121875	1499	7	3.74892606423375	6.92667913427824	0.773719409214157	643	49.1248976387447	84.2679880766986	84.2679880766986	60
20251210 114040	3154	435	0	-1	255	999983	FALSE	rmse	TRUE	regression	TRUE	TRUE	FALSE	gbdt	0	-100	-100	0.0535730122417839	0.6087751578189	1408	5	0.451906849861866	9.99218807755403	0.765047574523144	1346	61.8669931697172	89.7081346314961	89.7081346314961	61
20251210 114231	3154	435	0	-1	255	999983	FALSE	rmse	TRUE	regression	TRUE	TRUE	FALSE	gbdt	0	-100	-100	0.0108876885100015	0.600758927206152	1422	7	3.37068898467439	0.213190824207168	0.719053242340295	2682	58.5577991501239	86.7858856443775	86.7858856443775	62
20251210 114247	3154	435	0	-1	255	999983	FALSE	rmse	TRUE	regression	TRUE	TRUE	FALSE	gbdt	0	-100	-100	0.196662436854311	0.557046101134588	1496	9	0.628049593313213	4.78169305450067	0.892444104929719	168	71.8821857967339	102.953180561554	102.953180561554	63
20251210 114453	3154	435	0	-1	255	999983	FALSE	rmse	TRUE	regression	TRUE	TRUE	FALSE	gbdt	0	-100	-100	0.0123834487314106	0.472577373126646	1500	7	2.90239152808615	6.66378516641685	0.713294761573215	3324	53.2299083692355	87.5423146052703	87.5423146052703	64
20251210 114520	3154	435	0	-1	255	999983	FALSE	rmse	TRUE	regression	TRUE	TRUE	FALSE	gbdt	0	-100	-100	0.0634929681670307	0.61850906424734	1046	9	4.99784399863259	3.74098109977939	0.731930509128605	449	56.446071412499	89.9221538583171	89.9221538583171	65
20251210 115023	3154	435	0	-1	255	999983	FALSE	rmse	TRUE	regression	TRUE	TRUE	FALSE	gbdt	0	-100	-100	0.0651273358955315	0.308297463940229	459	101	4.99305395595744	7.23034874375433	0.614062760719256	45262	65.1051938948993	102.577445970063	102.577445970063	66
20251210 115100	3154	435	0	-1	255	999983	FALSE	rmse	TRUE	regression	TRUE	TRUE	FALSE	gbdt	0	-100	-100	0.158505970665175	0.893776416133413	413	46	0.00443922040230714	2.12536996856379	0.648271758003798	1485	69.9241701251567	106.606848145978	106.606848145978	67
20251210 115638	3154	435	0	-1	255	999983	FALSE	rmse	TRUE	regression	TRUE	TRUE	FALSE	gbdt	0	-100	-100	0.0317546659337721	0.899119024560051	1039	92	4.72407106456018	5.78303699745882	0.60040362917839	25574	80.2022232818726	114.083311393328	114.083311393328	68
20251210 165943	3154	435	0	-1	255	999983	FALSE	rmse	TRUE	regression	TRUE	TRUE	FALSE	gbdt	0	-100	-100	0.0129264394839582	0.604651600811122	1500	59	0.0008062025601578	2.49220115908599	0.694648859759477	99967	85.087809276841	105.919332439721	105.919332439721	69
