fecha	cols	rows	min_gain_to_split	max_depth	max_bin	seed	extra_trees	metric	first_metric_only	objective	boost_from_average	force_row_wise	feature_pre_filter	boosting	num_threads	verbosity	verbose	learning_rate	feature_fraction	num_leaves	min_data_in_leaf	lambda_l1	lambda_l2	bagging_fraction	num_iterations	rmse_validate	rmse_test	ganancia	iteracion_bayesiana
20251208 193623	3115	343	0	-1	255	999983	FALSE	rmse	TRUE	regression	TRUE	TRUE	FALSE	gbdt	0	-100	-100	0.119522282329105	0.362005779790759	325	8	3.21357513873539	3.99570562319631	0.888863197624284	870	99.6552095810877	136.307405604935	136.307405604935	1
20251208 193625	3115	343	0	-1	255	999983	FALSE	rmse	TRUE	regression	TRUE	TRUE	FALSE	gbdt	0	-100	-100	0.0862685140461794	0.455076599570124	448	191	2.86457601826571	3.86563124118506	0.64143124243045	3	279.3725089756	298.915360531748	298.915360531748	2
20251208 194302	3115	343	0	-1	255	999983	FALSE	rmse	TRUE	regression	TRUE	TRUE	FALSE	gbdt	0	-100	-100	0.148441460961143	0.568948191958147	1418	102	4.52048065323782	6.19469018012751	0.755135719301844	34131	101.709295308237	132.73786174351	132.73786174351	3
20251208 194332	3115	343	0	-1	255	999983	FALSE	rmse	TRUE	regression	TRUE	TRUE	FALSE	gbdt	0	-100	-100	0.134375564789849	0.586204172359846	875	173	1.77711723010621	5.86251101423321	0.813535175788482	10	279.3725089756	298.915360531748	298.915360531748	4
20251208 194622	3115	343	0	-1	255	999983	FALSE	rmse	TRUE	regression	TRUE	TRUE	FALSE	gbdt	0	-100	-100	0.0806964550888266	0.624750219691279	504	136	3.37903506392779	5.59490385764678	0.777967579536406	18448	108.160565983128	137.564155230245	137.564155230245	5
20251208 194623	3115	343	0	-1	255	999983	FALSE	rmse	TRUE	regression	TRUE	TRUE	FALSE	gbdt	0	-100	-100	0.155416065019256	0.709098904491735	152	215	4.40483955067715	3.17913620882401	0.663964087595897	3	279.3725089756	298.915360531748	298.915360531748	6
20251208 195453	3115	343	0	-1	255	999983	FALSE	rmse	TRUE	regression	TRUE	TRUE	FALSE	gbdt	0	-100	-100	0.100786378241277	0.422530157596339	1266	115	1.81493379965624	0.990076638824706	0.836382783353994	56807	105.107953395238	140.40131449011	140.40131449011	7
20251208 200600	3115	343	0	-1	255	999983	FALSE	rmse	TRUE	regression	TRUE	TRUE	FALSE	gbdt	0	-100	-100	0.113266454701495	0.842896876938175	665	120	2.32404920251741	8.77573254185596	0.76452817355083	61368	105.825261466199	136.446267179991	136.446267179991	8
20251208 203310	3115	343	0	-1	255	999983	FALSE	rmse	TRUE	regression	TRUE	TRUE	FALSE	gbdt	0	-100	-100	0.0346367382071081	0.607318801146799	813	93	0.288935632270295	1.4253498780142	0.866972312291286	99994	95.3253896499611	128.264820562584	128.264820562584	9
20251208 203547	3115	343	0	-1	255	999983	FALSE	rmse	TRUE	regression	TRUE	TRUE	FALSE	gbdt	0	-100	-100	0.0592710187914781	0.396302700598192	733	156	2.06562128529185	5.17020890281336	0.619099985415648	18914	119.111495840435	152.232376529286	152.232376529286	10
20251208 203553	3115	343	0	-1	255	999983	FALSE	rmse	TRUE	regression	TRUE	TRUE	FALSE	gbdt	0	-100	-100	0.068013344969035	0.517046665578216	923	185	4.21887972762176	2.51131862609847	0.81703252193651	38	279.3725089756	298.915360531748	298.915360531748	11
20251208 205201	3115	343	0	-1	255	999983	FALSE	rmse	TRUE	regression	TRUE	TRUE	FALSE	gbdt	0	-100	-100	0.0169781741167286	0.737467135028315	254	54	0.499364905616468	8.26039167403776	0.873858862499973	61783	102.857517963727	127.30700672588	127.30700672588	12
20251208 205217	3115	343	0	-1	255	999983	FALSE	rmse	TRUE	regression	TRUE	TRUE	FALSE	gbdt	0	-100	-100	0.143984689769235	0.813622849738957	790	229	2.68094655716725	1.97474938127146	0.955430757267667	74	279.3725089756	298.915360531748	298.915360531748	13
20251208 205336	3115	343	0	-1	255	999983	FALSE	rmse	TRUE	regression	TRUE	TRUE	FALSE	gbdt	0	-100	-100	0.162177420776653	0.764325957281315	1381	37	0.765503580540618	7.25862991721702	0.728898105051901	5321	94.9590890741263	126.419304397391	126.419304397391	14
20251208 205355	3115	343	0	-1	255	999983	FALSE	rmse	TRUE	regression	TRUE	TRUE	FALSE	gbdt	0	-100	-100	0.176381038006761	0.476623125685312	435	16	3.87997291075798	4.82042191367197	0.604549683390983	1316	107.507414163915	126.076380350405	126.076380350405	15
20251208 210540	3115	343	0	-1	255	999983	FALSE	rmse	TRUE	regression	TRUE	TRUE	FALSE	gbdt	0	-100	-100	0.181143801539272	0.319478966664922	591	167	3.58207309053146	0.566721109041412	0.931415427978417	84510	122.782742764782	147.508992186592	147.508992186592	16
20251208 210756	3115	343	0	-1	255	999983	FALSE	rmse	TRUE	regression	TRUE	TRUE	FALSE	gbdt	0	-100	-100	0.0510257185202291	0.82175896071962	1094	23	2.62924935606342	4.61005348022029	0.904133551171981	6164	95.362650559824	122.371416926435	122.371416926435	17
20251208 210803	3115	343	0	-1	255	999983	FALSE	rmse	TRUE	regression	TRUE	TRUE	FALSE	gbdt	0	-100	-100	0.043532772237252	0.88751584779072	1309	203	0.589143312245142	9.10041643032205	0.792243533478385	4	279.3725089756	298.915360531748	298.915360531748	18
20251208 211116	3115	343	0	-1	255	999983	FALSE	rmse	TRUE	regression	TRUE	TRUE	FALSE	gbdt	0	-100	-100	0.0717078474244668	0.663423728838097	1187	143	4.87461141181744	8.15290137318828	0.644475520688242	21261	111.145935861536	147.4623489419	147.4623489419	19
20251208 211258	3115	343	0	-1	255	999983	FALSE	rmse	TRUE	regression	TRUE	TRUE	FALSE	gbdt	0	-100	-100	0.186926692503787	0.778406972037296	977	59	1.60094655917159	1.54736233392863	0.965462867716061	9003	106.276019550669	125.559997524349	125.559997524349	20
20251208 211300	3115	343	0	-1	255	999983	FALSE	rmse	TRUE	regression	TRUE	TRUE	FALSE	gbdt	0	-100	-100	0.0470731750099055	0.699498281115666	79	250	1.22711277109504	7.50824113750631	0.971528095296318	1	279.3725089756	298.915360531748	298.915360531748	21
20251208 211335	3115	343	0	-1	255	999983	FALSE	rmse	TRUE	regression	TRUE	TRUE	FALSE	gbdt	0	-100	-100	0.106647074545451	0.324687760642597	62	42	0.89571789123251	6.89768546077955	0.848926344264432	6981	102.933076773357	138.574539273035	138.574539273035	22
20251208 211601	3115	343	0	-1	255	999983	FALSE	rmse	TRUE	regression	TRUE	TRUE	FALSE	gbdt	0	-100	-100	0.168777852541534	0.384632697317284	1455	79	3.93765177049707	3.48704546507049	0.691576430577386	21382	103.072610820533	124.436410564207	124.436410564207	23
20251208 211735	3115	343	0	-1	255	999983	FALSE	rmse	TRUE	regression	TRUE	TRUE	FALSE	gbdt	0	-100	-100	0.126473952765477	0.862169972052133	343	146	4.68222209709763	6.77548989728426	0.918741769992214	11751	114.418436750412	148.608448439536	148.608448439536	24
20251208 211736	3115	343	0	-1	255	999983	FALSE	rmse	TRUE	regression	TRUE	TRUE	FALSE	gbdt	0	-100	-100	0.0964473610116069	0.679432742540458	646	241	0.100688467708616	2.42016222560778	0.677897573242496	1	279.3725089756	298.915360531748	298.915360531748	25
20251208 213838	3115	343	0	-1	255	999983	FALSE	rmse	TRUE	regression	TRUE	TRUE	FALSE	gbdt	0	-100	-100	0.0124130745368477	0.540416713000741	1141	92	1.34913083382084	9.58030102491778	0.995230862568133	99999	92.9396468531699	124.310757777462	124.310757777462	26
20251208 213935	3115	343	0	-1	255	999983	FALSE	rmse	TRUE	regression	TRUE	TRUE	FALSE	gbdt	0	-100	-100	0.196623732854163	0.448260361970668	1026	218	2.159073910651	9.79911338945385	0.707339297278252	5	279.3725089756	298.915360531748	298.915360531748	27
20251208 214858	3115	343	0	-1	255	999983	FALSE	rmse	TRUE	regression	TRUE	TRUE	FALSE	gbdt	0	-100	-100	0.0255829474166135	0.507296367809509	204	73	3.41110014364988	0.324106289689163	0.727802578689131	68645	113.675985528187	128.417748231496	128.417748231496	28
20251208 214915	3115	343	0	-1	255	999983	FALSE	rmse	TRUE	regression	TRUE	TRUE	FALSE	gbdt	0	-100	-100	0.17011876457088	0.300728652935291	429	141	4.96773026750602	0.913767896633943	0.911220246727068	4720	113.326642919733	145.241271454226	145.241271454226	29
20251208 215145	3115	343	0	-1	255	999983	FALSE	rmse	TRUE	regression	TRUE	TRUE	FALSE	gbdt	0	-100	-100	0.0650879117677988	0.582804698519148	1017	54	3.49985636241912	5.98496371586029	0.763207801720757	16752	104.282223376341	128.56448408414	128.56448408414	30
20251208 220704	3115	343	0	-1	255	999983	FALSE	rmse	TRUE	regression	TRUE	TRUE	FALSE	gbdt	0	-100	-100	0.0533060164133011	0.749457522309531	582	83	3.83433766059257	6.22494923086787	0.890067662537823	66517	104.404352643016	126.982211204367	126.982211204367	31
20251208 220754	3115	343	0	-1	255	999983	FALSE	rmse	TRUE	regression	TRUE	TRUE	FALSE	gbdt	0	-100	-100	0.161859722771821	0.674624325713329	383	27	1.72114563112301	2.50667164693594	0.910831868996332	2008	94.4414940488162	125.281569130793	125.281569130793	32
20251208 222634	3115	343	0	-1	255	999983	FALSE	rmse	TRUE	regression	TRUE	TRUE	FALSE	gbdt	0	-100	-100	0.0140393079769238	0.410525623818824	623	97	2.60405575261475	8.00143627568047	0.600072927553261	99998	98.9193978759303	131.378768767936	131.378768767936	33
20251208 222904	3115	343	0	-1	255	999983	FALSE	rmse	TRUE	regression	TRUE	TRUE	FALSE	gbdt	0	-100	-100	0.168043168495288	0.504952529293792	752	74	0.69632990776896	6.55321071262548	0.907518227287525	17001	110.390075210629	127.231176894139	127.231176894139	34
20251208 223026	3115	343	0	-1	255	999983	FALSE	rmse	TRUE	regression	TRUE	TRUE	FALSE	gbdt	0	-100	-100	0.0514300849842457	0.507080570541794	1407	23	0.86776648576778	0.917093145719304	0.677541779309201	6172	94.9772147653837	114.945771546305	114.945771546305	35
20251208 223428	3115	343	0	-1	255	999983	FALSE	rmse	TRUE	regression	TRUE	TRUE	FALSE	gbdt	0	-100	-100	0.0289635854478173	0.719220042488984	734	18	0.102324767303935	0.83223880212398	0.601131346658288	10694	93.0947476333985	106.141563667904	106.141563667904	36
20251208 224422	3115	343	0	-1	255	999983	FALSE	rmse	TRUE	regression	TRUE	TRUE	FALSE	gbdt	0	-100	-100	0.0107530668813823	0.620676411437133	717	12	0.125819090423613	7.65935481910734	0.623902929307241	22739	93.3716099877204	112.977196811975	112.977196811975	37
20251208 224452	3115	343	0	-1	255	999983	FALSE	rmse	TRUE	regression	TRUE	TRUE	FALSE	gbdt	0	-100	-100	0.0887201924570685	0.703057767055768	1368	5	1.56286135405392	0.866739530988802	0.600335163383101	762	88.366737177182	121.773494303138	121.773494303138	38
20251208 225254	3115	343	0	-1	255	999983	FALSE	rmse	TRUE	regression	TRUE	TRUE	FALSE	gbdt	0	-100	-100	0.0100064334263885	0.6212578045403	29	18	1.64643899420656	1.1165103268286	0.613135157199648	24961	90.3906042422201	104.818915719318	104.818915719318	39
20251208 230346	3115	343	0	-1	255	999983	FALSE	rmse	TRUE	regression	TRUE	TRUE	FALSE	gbdt	0	-100	-100	0.0104231367593561	0.695784266814087	583	29	2.26908922462679	1.50055360531086	0.602869678632788	38264	99.7265019251604	121.711786166605	121.711786166605	40
20251208 230503	3115	343	0	-1	255	999983	FALSE	rmse	TRUE	regression	TRUE	TRUE	FALSE	gbdt	0	-100	-100	0.0623554010871528	0.563061752925222	35	14	0.0210614378218701	0.00854939579207888	0.644509252473882	4218	82.2646268452285	114.846152832801	114.846152832801	41
20251208 231254	3115	343	0	-1	255	999983	FALSE	rmse	TRUE	regression	TRUE	TRUE	FALSE	gbdt	0	-100	-100	0.0100250539728521	0.786159914106783	22	15	0.686367544940913	2.69211350447605	0.722379570334461	23126	73.5008722220649	114.755681137225	114.755681137225	42
20251208 232041	3115	343	0	-1	255	999983	FALSE	rmse	TRUE	regression	TRUE	TRUE	FALSE	gbdt	0	-100	-100	0.0121689327792975	0.624159684548323	810	17	0.746358762762111	1.55638931909363	0.839788653561393	21700	83.8117116759649	103.475796692155	103.475796692155	43
20251208 232916	3115	343	0	-1	255	999983	FALSE	rmse	TRUE	regression	TRUE	TRUE	FALSE	gbdt	0	-100	-100	0.0184954659442278	0.673973823636844	1441	18	0.026589868299104	2.8927476381737	0.773848220118767	21764	93.3414158187189	111.813797829945	111.813797829945	44
20251208 233413	3115	343	0	-1	255	999983	FALSE	rmse	TRUE	regression	TRUE	TRUE	FALSE	gbdt	0	-100	-100	0.0111492667520362	0.605673208246215	514	15	4.42378939714344	0.690904521173008	0.88817563348593	15420	73.2188837275419	109.304107225812	109.304107225812	45
20251208 233913	3115	343	0	-1	255	999983	FALSE	rmse	TRUE	regression	TRUE	TRUE	FALSE	gbdt	0	-100	-100	0.0102083751693801	0.583894848670407	1009	17	1.99885813394505	0.0496194195084861	0.994968718335644	20855	87.1931772730321	106.045122404428	106.045122404428	46
20251208 235926	3115	343	0	-1	255	999983	FALSE	rmse	TRUE	regression	TRUE	TRUE	FALSE	gbdt	0	-100	-100	0.0114944129719925	0.386095457666471	1499	67	2.5032564055709	1.8339415523747	0.998525770383787	99999	107.045059340059	124.227911927869	124.227911927869	47
20251209 000638	3115	343	0	-1	255	999983	FALSE	rmse	TRUE	regression	TRUE	TRUE	FALSE	gbdt	0	-100	-100	0.0102713845016294	0.552504852965707	268	19	1.36046188304543	3.31633456622112	0.943905444344916	30376	93.3628325495814	109.159618766322	109.159618766322	48
20251209 001131	3115	343	0	-1	255	999983	FALSE	rmse	TRUE	regression	TRUE	TRUE	FALSE	gbdt	0	-100	-100	0.0102945037729212	0.594110065746742	768	16	1.7578990708102	0.019000357297452	0.641329942695467	19823	85.8204285223215	108.449759807249	108.449759807249	49
20251209 001502	3115	343	0	-1	255	999983	FALSE	rmse	TRUE	regression	TRUE	TRUE	FALSE	gbdt	0	-100	-100	0.0175363663948731	0.502949468804343	1378	19	3.89492936903655	9.99986479601048	0.988390968551568	17858	95.1276777750851	117.618978257635	117.618978257635	50
20251209 002451	3115	343	0	-1	255	999983	FALSE	rmse	TRUE	regression	TRUE	TRUE	FALSE	gbdt	0	-100	-100	0.0620648519992823	0.726083596246887	1487	74	0.466509764483928	3.25609875847444	0.610695355297874	41780	106.529285202054	126.184386486258	126.184386486258	51
20251209 002808	3115	343	0	-1	255	999983	FALSE	rmse	TRUE	regression	TRUE	TRUE	FALSE	gbdt	0	-100	-100	0.028040386786776	0.677634206139963	740	18	0.669245690079735	0.580536832723693	0.997168685550188	9694	89.1968804499258	103.575231649561	103.575231649561	52
20251209 003848	3115	343	0	-1	255	999983	FALSE	rmse	TRUE	regression	TRUE	TRUE	FALSE	gbdt	0	-100	-100	0.0153139877818175	0.813754680361542	22	129	4.97804379348378	0.502828555410622	0.654009627009499	67742	108.102945866489	135.744711496389	135.744711496389	53
20251209 004031	3115	343	0	-1	255	999983	FALSE	rmse	TRUE	regression	TRUE	TRUE	FALSE	gbdt	0	-100	-100	0.0654477564689848	0.633914000128076	1007	18	0.689926206459677	7.7068927103651	0.996465400020935	5885	95.1422541828834	121.821011048297	121.821011048297	54
20251209 004403	3115	343	0	-1	255	999983	FALSE	rmse	TRUE	regression	TRUE	TRUE	FALSE	gbdt	0	-100	-100	0.0120425757592779	0.432559188107835	18	19	4.95777801347495	7.61557709375706	0.633187244305373	23801	94.6797502715922	113.626082003769	113.626082003769	55
20251209 004816	3115	343	0	-1	255	999983	FALSE	rmse	TRUE	regression	TRUE	TRUE	FALSE	gbdt	0	-100	-100	0.0185184924040752	0.644534280298394	18	16	4.89840307022049	9.7897306159089	0.601022210935736	15375	90.6493746516849	115.226593353408	115.226593353408	56
20251209 005627	3115	343	0	-1	255	999983	FALSE	rmse	TRUE	regression	TRUE	TRUE	FALSE	gbdt	0	-100	-100	0.0241923442433049	0.646309669529059	1243	40	0.195214997045189	0.144252439314409	0.999480209810738	30430	100.577478045096	142.606260069734	142.606260069734	57
20251209 010223	3115	343	0	-1	255	999983	FALSE	rmse	TRUE	regression	TRUE	TRUE	FALSE	gbdt	0	-100	-100	0.0111284338573086	0.494352941363821	287	21	1.59580410297182	9.9621909835125	0.600744486709095	35021	96.6196585702981	115.257600914898	115.257600914898	58
20251209 010432	3115	343	0	-1	255	999983	FALSE	rmse	TRUE	regression	TRUE	TRUE	FALSE	gbdt	0	-100	-100	0.19255650779586	0.89453977507195	1189	64	4.621255531105	9.98631590626666	0.633231357910889	11158	98.834712138375	115.119519520434	115.119519520434	59
20251209 010544	3115	343	0	-1	255	999983	FALSE	rmse	TRUE	regression	TRUE	TRUE	FALSE	gbdt	0	-100	-100	0.199973430420374	0.737597220868762	13	63	3.5530861179384	9.11887184170222	0.604502358621802	6303	103.11730543882	115.261480555544	115.261480555544	60
20251209 010740	3115	343	0	-1	255	999983	FALSE	rmse	TRUE	regression	TRUE	TRUE	FALSE	gbdt	0	-100	-100	0.196662913816434	0.898441774647607	666	61	0.488236565364451	9.77373113412127	0.633060300518778	10706	102.439109004804	119.736138046313	119.736138046313	61
20251209 011121	3115	343	0	-1	255	999983	FALSE	rmse	TRUE	regression	TRUE	TRUE	FALSE	gbdt	0	-100	-100	0.010974902495915	0.309396780110379	1446	19	4.22328493832733	4.41330795035908	0.700134631226716	23828	96.7393815152173	112.844618959593	112.844618959593	62
20251209 011408	3115	343	0	-1	255	999983	FALSE	rmse	TRUE	regression	TRUE	TRUE	FALSE	gbdt	0	-100	-100	0.046517592031561	0.301059090063815	1013	68	4.96164270285531	9.98199983382349	0.866357222351291	28278	105.61368616261	127.865466978922	127.865466978922	63
20251209 011526	3115	343	0	-1	255	999983	FALSE	rmse	TRUE	regression	TRUE	TRUE	FALSE	gbdt	0	-100	-100	0.194422064291272	0.897614680216594	16	54	4.98824946356567	4.25290172326029	0.659348262809902	6774	111.573281271251	134.867237036103	134.867237036103	64
20251209 011854	3115	343	0	-1	255	999983	FALSE	rmse	TRUE	regression	TRUE	TRUE	FALSE	gbdt	0	-100	-100	0.187314826950869	0.715026117741076	1454	68	2.78477850544801	9.97149720821215	0.77283794320593	17551	110.259130252006	137.567334883439	137.567334883439	65
20251209 012309	3115	343	0	-1	255	999983	FALSE	rmse	TRUE	regression	TRUE	TRUE	FALSE	gbdt	0	-100	-100	0.0101126973460215	0.405177028686775	916	19	2.93249664492336	1.1327249268104	0.925333989575287	26651	91.5337006989966	103.93942872654	103.93942872654	66
20251209 012411	3115	343	0	-1	255	999983	FALSE	rmse	TRUE	regression	TRUE	TRUE	FALSE	gbdt	0	-100	-100	0.0372589775835135	0.41483749364298	1164	19	4.42891016729995	1.24334437198066	0.994887334107287	5998	91.4592503985453	105.607732756614	105.607732756614	67
20251209 012636	3115	343	0	-1	255	999983	FALSE	rmse	TRUE	regression	TRUE	TRUE	FALSE	gbdt	0	-100	-100	0.0167551659322812	0.321788510399757	731	18	0.317209361930356	0.638146840144414	0.931517688184132	16034	94.6765662364586	107.983974127213	107.983974127213	68
20251209 013001	3115	343	0	-1	255	999983	FALSE	rmse	TRUE	regression	TRUE	TRUE	FALSE	gbdt	0	-100	-100	0.0103616727417983	0.420131418191895	691	19	3.88551645836884	0.5367043614792	0.993242817228466	21671	92.2445287192142	104.055104145505	104.055104145505	69
20251209 013104	3115	343	0	-1	255	999983	FALSE	rmse	TRUE	regression	TRUE	TRUE	FALSE	gbdt	0	-100	-100	0.133701454571391	0.312037805695827	805	62	0.52087371670889	2.21040860412639	0.600264665270431	13215	98.9225400677702	121.70345875281	121.70345875281	70
20251209 013719	3115	343	0	-1	255	999983	FALSE	rmse	TRUE	regression	TRUE	TRUE	FALSE	gbdt	0	-100	-100	0.0224298080623544	0.368412766670008	44	153	3.29220964157366	0.170550886533975	0.998228067013967	66125	118.4539549251	147.320509260767	147.320509260767	71
20251209 014038	3115	343	0	-1	255	999983	FALSE	rmse	TRUE	regression	TRUE	TRUE	FALSE	gbdt	0	-100	-100	0.199900331005224	0.894380147514238	548	89	3.65449465208805	1.9878091016954	0.60005612784687	19387	102.778698419376	131.50439064741	131.50439064741	72
20251209 014111	3115	343	0	-1	255	999983	FALSE	rmse	TRUE	regression	TRUE	TRUE	FALSE	gbdt	0	-100	-100	0.199465426675012	0.671124332531355	1016	19	0.0729671992424503	0.0530146610545778	0.983573976563234	1490	105.120920348288	107.875777332131	107.875777332131	73
20251209 014147	3115	343	0	-1	255	999983	FALSE	rmse	TRUE	regression	TRUE	TRUE	FALSE	gbdt	0	-100	-100	0.199937507931701	0.709840860464251	1062	20	0.0915659882398086	0.696761481350333	0.602515146479725	1654	108.074724493892	118.313755656364	118.313755656364	74
20251209 014205	3115	343	0	-1	255	999983	FALSE	rmse	TRUE	regression	TRUE	TRUE	FALSE	gbdt	0	-100	-100	0.194135521811708	0.407871865128916	1488	20	0.807151372897952	0.796892138822498	0.978375903219746	1322	103.254069778206	110.425931583599	110.425931583599	75
20251209 014227	3115	343	0	-1	255	999983	FALSE	rmse	TRUE	regression	TRUE	TRUE	FALSE	gbdt	0	-100	-100	0.156088617579166	0.564639152180316	1463	20	4.92391744674475	0.0799838313806785	0.874029076511004	1337	100.110790206902	113.560289449381	113.560289449381	76
20251209 014307	3115	343	0	-1	255	999983	FALSE	rmse	TRUE	regression	TRUE	TRUE	FALSE	gbdt	0	-100	-100	0.0993637050561578	0.548160633799399	1052	19	0.210869191494339	0.00486817299217431	0.919776289536679	2726	97.462406829658	107.531213875072	107.531213875072	77
20251209 020715	3115	343	0	-1	255	999983	FALSE	rmse	TRUE	regression	TRUE	TRUE	FALSE	gbdt	0	-100	-100	0.0103441808284186	0.659293557562963	99	63	1.18940671207498	8.88349171869501	0.601475709120197	99999	95.9912310598289	114.950697259077	114.950697259077	78
20251209 021952	3115	343	0	-1	255	999983	FALSE	rmse	TRUE	regression	TRUE	TRUE	FALSE	gbdt	0	-100	-100	0.0112255164784741	0.307932060745845	88	81	0.0276672885990043	7.73200830710804	0.995428871385499	99998	101.926358892039	125.94970296671	125.94970296671	79
20251209 022254	3115	343	0	-1	255	999983	FALSE	rmse	TRUE	regression	TRUE	TRUE	FALSE	gbdt	0	-100	-100	0.029643911578854	0.309565749332104	35	128	0.209998645385479	7.08948853705514	0.60138906715222	42241	106.622588234723	133.934342614424	133.934342614424	80
20251209 022732	3115	343	0	-1	255	999983	FALSE	rmse	TRUE	regression	TRUE	TRUE	FALSE	gbdt	0	-100	-100	0.010843815676808	0.470040889194613	657	19	1.93321155681566	0.678625700264175	0.898509100498893	22341	90.6462929260521	101.24055334595	101.24055334595	81
20251209 023604	3115	343	0	-1	255	999983	FALSE	rmse	TRUE	regression	TRUE	TRUE	FALSE	gbdt	0	-100	-100	0.089487473145855	0.895612333056238	12	102	0.799075710987368	8.43051984491763	0.999789352875094	44053	103.597689694909	133.063655556477	133.063655556477	82
20251209 023751	3115	343	0	-1	255	999983	FALSE	rmse	TRUE	regression	TRUE	TRUE	FALSE	gbdt	0	-100	-100	0.176743721134797	0.318045638370929	1466	88	0.0703331788604597	1.37762146178009	0.999124426044169	17903	105.796505346762	129.773042437415	129.773042437415	83
20251209 023820	3115	343	0	-1	255	999983	FALSE	rmse	TRUE	regression	TRUE	TRUE	FALSE	gbdt	0	-100	-100	0.189298123290314	0.33863609404408	1408	39	4.99954409482075	9.93017877278409	0.600888250464171	2971	95.1773393776905	131.280231087204	131.280231087204	84
20251209 023911	3115	343	0	-1	255	999983	FALSE	rmse	TRUE	regression	TRUE	TRUE	FALSE	gbdt	0	-100	-100	0.152500045797311	0.333155741510685	29	92	4.9392367828096	4.64538324971827	0.999536457420907	11869	96.7119749885097	132.016740214153	132.016740214153	85
20251209 024115	3115	343	0	-1	255	999983	FALSE	rmse	TRUE	regression	TRUE	TRUE	FALSE	gbdt	0	-100	-100	0.022415849955556	0.753289636853522	1429	5	4.64249402639116	9.48246536281698	0.621057451615328	5383	111.671371279909	124.0435181667	124.0435181667	86
20251209 030906	3115	343	0	-1	255	999983	FALSE	rmse	TRUE	regression	TRUE	TRUE	FALSE	gbdt	0	-100	-100	0.0120061845185738	0.872910999849766	1268	62	4.18077531999419	9.11897214874083	0.602861668266666	99985	95.7265426611703	118.466970135937	118.466970135937	87
20251209 031342	3115	343	0	-1	255	999983	FALSE	rmse	TRUE	regression	TRUE	TRUE	FALSE	gbdt	0	-100	-100	0.11083933646864	0.770492162816029	379	65	4.99304776177382	5.97056750058188	0.603046277364958	20450	104.306986169923	125.468217305589	125.468217305589	88
20251209 031401	3115	343	0	-1	255	999983	FALSE	rmse	TRUE	regression	TRUE	TRUE	FALSE	gbdt	0	-100	-100	0.198512233028214	0.465458191878717	348	154	4.29029682808992	0.0242223305891735	0.651761475817462	4112	120.593256375799	152.731344155234	152.731344155234	89
20251209 034122	3115	343	0	-1	255	999983	FALSE	rmse	TRUE	regression	TRUE	TRUE	FALSE	gbdt	0	-100	-100	0.0121726669581688	0.873717169986733	1457	109	4.79913538088958	5.926633840501	0.999503248048831	99999	102.871763680461	139.009193487548	139.009193487548	90
20251209 034903	3115	343	0	-1	255	999983	FALSE	rmse	TRUE	regression	TRUE	TRUE	FALSE	gbdt	0	-100	-100	0.010375458281717	0.693447282807124	773	5	0.0119346626171	0.329890966807396	0.91003723742751	10380	81.9642702421503	114.710577495569	114.710577495569	91
20251209 035209	3115	343	0	-1	255	999983	FALSE	rmse	TRUE	regression	TRUE	TRUE	FALSE	gbdt	0	-100	-100	0.0119604744438002	0.468581798095582	804	19	3.95680118231908	0.200354438520424	0.896612372447652	18171	91.8061549418092	104.815618343495	104.815618343495	92
20251209 035248	3115	343	0	-1	255	999983	FALSE	rmse	TRUE	regression	TRUE	TRUE	FALSE	gbdt	0	-100	-100	0.161733410264102	0.892141364232906	1499	16	0.442354809857488	0.51822317694198	0.991915774873285	1425	91.5157739464482	110.713287584352	110.713287584352	93
20251209 035416	3115	343	0	-1	255	999983	FALSE	rmse	TRUE	regression	TRUE	TRUE	FALSE	gbdt	0	-100	-100	0.0287068952312321	0.465573740393022	684	17	1.9399400723455	0.821844433366659	0.962910145731204	8864	81.9373233780131	102.700877259433	102.700877259433	94
20251209 040820	3115	343	0	-1	255	999983	FALSE	rmse	TRUE	regression	TRUE	TRUE	FALSE	gbdt	0	-100	-100	0.0100453336611685	0.364279815261404	26	59	3.92217835388642	8.17150665151263	0.601098754621975	99988	102.191500255123	121.728083134844	121.728083134844	95
20251209 041048	3115	343	0	-1	255	999983	FALSE	rmse	TRUE	regression	TRUE	TRUE	FALSE	gbdt	0	-100	-100	0.186763419157794	0.589483386501765	10	85	0.879463303167075	9.59090829616225	0.600888427429468	20021	106.201805014578	134.260174211804	134.260174211804	96
20251209 041120	3115	343	0	-1	255	999983	FALSE	rmse	TRUE	regression	TRUE	TRUE	FALSE	gbdt	0	-100	-100	0.198572046055657	0.827880775122914	1413	19	3.03090536104969	9.94140413765025	0.644518012562937	1531	100.965182974314	125.48085157005	125.48085157005	97
20251209 041353	3115	343	0	-1	255	999983	FALSE	rmse	TRUE	regression	TRUE	TRUE	FALSE	gbdt	0	-100	-100	0.0168145160749476	0.450057659791032	599	18	0.958026061348538	0.201514491881788	0.890722601938861	14238	94.4463082349814	109.093607201661	109.093607201661	98
20251209 041545	3115	343	0	-1	255	999983	FALSE	rmse	TRUE	regression	TRUE	TRUE	FALSE	gbdt	0	-100	-100	0.0180737248207325	0.302000139873073	768	22	2.60867690099759	2.74946578964546	0.965260624134433	15982	104.615681486721	119.411853329129	119.411853329129	99
20251209 042010	3115	343	0	-1	255	999983	FALSE	rmse	TRUE	regression	TRUE	TRUE	FALSE	gbdt	0	-100	-100	0.0107952140260608	0.515463130762917	705	19	2.01958488122333	1.46696637163595	0.645086333743681	22797	92.2245966822635	101.477227627738	101.477227627738	100
20251209 042112	3115	343	0	-1	255	999983	FALSE	rmse	TRUE	regression	TRUE	TRUE	FALSE	gbdt	0	-100	-100	0.138577011289521	0.577388285731494	1372	19	0.00198466354613077	1.16580306636588	0.995849172183154	4236	103.018262376622	106.4480737318	106.4480737318	101
20251209 042307	3115	343	0	-1	255	999983	FALSE	rmse	TRUE	regression	TRUE	TRUE	FALSE	gbdt	0	-100	-100	0.0942542056552696	0.891447462368369	582	46	4.36274337464932	9.99677817732402	0.60571257807933	9391	91.1270741249852	121.522975077868	121.522975077868	102
20251209 043353	3115	343	0	-1	255	999983	FALSE	rmse	TRUE	regression	TRUE	TRUE	FALSE	gbdt	0	-100	-100	0.0499253030796423	0.325896394687453	84	123	4.97866480006602	9.96960554616509	0.988866699443109	99999	111.408350644367	136.368232498519	136.368232498519	103
20251209 043420	3115	343	0	-1	255	999983	FALSE	rmse	TRUE	regression	TRUE	TRUE	FALSE	gbdt	0	-100	-100	0.194127220024545	0.807770614295503	807	19	3.73672727891425	0.719437644490485	0.999803559219106	1290	97.4836711298584	108.042740715544	108.042740715544	104
20251209 043524	3115	343	0	-1	255	999983	FALSE	rmse	TRUE	regression	TRUE	TRUE	FALSE	gbdt	0	-100	-100	0.149392277028762	0.416408600690313	1041	74	4.99716325941356	0.250338297366785	0.999102889075418	10183	110.68824903552	128.728178594079	128.728178594079	105
20251209 043545	3115	343	0	-1	255	999983	FALSE	rmse	TRUE	regression	TRUE	TRUE	FALSE	gbdt	0	-100	-100	0.153870915231878	0.518801932276759	851	19	3.70841183846852	0.706498469689475	0.997600456577699	1400	93.3490962260722	113.526043686094	113.526043686094	106
20251209 043734	3115	343	0	-1	255	999983	FALSE	rmse	TRUE	regression	TRUE	TRUE	FALSE	gbdt	0	-100	-100	0.0361438217426378	0.895066835967745	1446	19	4.9877636217301	0.807694350991245	0.949936021263746	5651	94.9820846048696	106.398366930208	106.398366930208	107
20251209 043900	3115	343	0	-1	255	999983	FALSE	rmse	TRUE	regression	TRUE	TRUE	FALSE	gbdt	0	-100	-100	0.199090908882439	0.898905689405663	296	59	4.9883432614306	9.9716350997821	0.996729249462262	7805	108.986243791714	126.180475114134	126.180475114134	108
20251209 045613	3115	343	0	-1	255	999983	FALSE	rmse	TRUE	regression	TRUE	TRUE	FALSE	gbdt	0	-100	-100	0.0107347351975608	0.30058947393156	1385	87	4.68619192312188	1.15152517123523	0.607061062567863	99997	96.9716311336003	127.883610241414	127.883610241414	109
20251209 050449	3115	343	0	-1	255	999983	FALSE	rmse	TRUE	regression	TRUE	TRUE	FALSE	gbdt	0	-100	-100	0.0105319261958413	0.62338946978755	1193	19	4.99358530145286	1.59142888792201	0.683888461257554	21989	89.9116158010842	101.208640916971	101.208640916971	110
20251209 050923	3115	343	0	-1	255	999983	FALSE	rmse	TRUE	regression	TRUE	TRUE	FALSE	gbdt	0	-100	-100	0.0103784848017423	0.517362762245166	1176	19	4.6214852007733	1.07677271832196	0.601748110866508	21298	91.3280169498891	103.305459203798	103.305459203798	111
20251209 051048	3115	343	0	-1	255	999983	FALSE	rmse	TRUE	regression	TRUE	TRUE	FALSE	gbdt	0	-100	-100	0.055698625771962	0.728695552988317	1194	19	3.94216039994232	1.00168504997774	0.761933781259903	4145	95.3264894583014	105.010442238011	105.010442238011	112
20251209 051216	3115	343	0	-1	255	999983	FALSE	rmse	TRUE	regression	TRUE	TRUE	FALSE	gbdt	0	-100	-100	0.0324749197971839	0.564871112476392	1453	19	4.84647364500042	1.20143302675123	0.727709746260847	6733	93.1934538479129	102.293539950988	102.293539950988	113
20251209 051305	3115	343	0	-1	255	999983	FALSE	rmse	TRUE	regression	TRUE	TRUE	FALSE	gbdt	0	-100	-100	0.0745685138497965	0.574868946537282	1376	19	1.50139416241514	1.06027523913839	0.973776613169146	3170	92.2542435928837	105.093028072784	105.093028072784	114
20251209 051327	3115	343	0	-1	255	999983	FALSE	rmse	TRUE	regression	TRUE	TRUE	FALSE	gbdt	0	-100	-100	0.168859640282618	0.373280348502632	1500	5	0.01335702195804	1.32767782074238	0.91598435988828	603	86.3366620972835	123.477440684987	123.477440684987	115
20251209 051415	3115	343	0	-1	255	999983	FALSE	rmse	TRUE	regression	TRUE	TRUE	FALSE	gbdt	0	-100	-100	0.194716371506155	0.420423639558004	48	55	0.00484551472624043	9.58559950300847	0.602228577119566	7347	110.773672089766	130.012280944686	130.012280944686	116
20251209 051743	3115	343	0	-1	255	999983	FALSE	rmse	TRUE	regression	TRUE	TRUE	FALSE	gbdt	0	-100	-100	0.0155189349964595	0.515348119461914	917	19	4.95988069481273	8.25981091378214	0.746141339682884	19214	94.3795543890122	116.475431317935	116.475431317935	117
20251209 051830	3115	343	0	-1	255	999983	FALSE	rmse	TRUE	regression	TRUE	TRUE	FALSE	gbdt	0	-100	-100	0.130505846383074	0.685690328549369	14	5	0.00689009645712452	9.57513617963521	0.639430846329415	1777	110.927795075291	134.240091504812	134.240091504812	118
20251209 052047	3115	343	0	-1	255	999983	FALSE	rmse	TRUE	regression	TRUE	TRUE	FALSE	gbdt	0	-100	-100	0.17033413757363	0.703578061925063	1443	62	4.9235891937824	0.138660289379101	0.609392956706949	12225	101.688675139136	122.070192474116	122.070192474116	119
20251209 052250	3115	343	0	-1	255	999983	FALSE	rmse	TRUE	regression	TRUE	TRUE	FALSE	gbdt	0	-100	-100	0.0237929652683196	0.568575093495991	689	19	2.27455092482381	1.15682342981185	0.706014094428199	9763	91.4497778270901	102.571394280291	102.571394280291	120
20251209 052506	3115	343	0	-1	255	999983	FALSE	rmse	TRUE	regression	TRUE	TRUE	FALSE	gbdt	0	-100	-100	0.0307006741324115	0.719085779704845	1492	19	4.49153901124286	1.47999502299268	0.641506955690812	7379	90.8906198582509	102.279741286196	102.279741286196	121
20251209 053214	3115	343	0	-1	255	999983	FALSE	rmse	TRUE	regression	TRUE	TRUE	FALSE	gbdt	0	-100	-100	0.0101115715066253	0.606942096759705	1225	19	4.28924892363133	1.48197627483119	0.66806930022972	23089	93.3164541180789	103.505633044644	103.505633044644	122
20251209 053827	3115	343	0	-1	255	999983	FALSE	rmse	TRUE	regression	TRUE	TRUE	FALSE	gbdt	0	-100	-100	0.0105649813725626	0.536018585026598	254	18	0.696343870725877	5.20970779362672	0.600229670282948	30745	92.6195404456595	116.371597085924	116.371597085924	123
20251209 053947	3115	343	0	-1	255	999983	FALSE	rmse	TRUE	regression	TRUE	TRUE	FALSE	gbdt	0	-100	-100	0.0623585075900093	0.719686130346695	1167	19	4.99798426546069	1.52379059147343	0.634671146037049	4502	90.4625126779371	101.150698823482	101.150698823482	124
20251209 054232	3115	343	0	-1	255	999983	FALSE	rmse	TRUE	regression	TRUE	TRUE	FALSE	gbdt	0	-100	-100	0.0279604819059714	0.743995512076703	1314	19	4.99668341883785	1.38869475566365	0.636752029395626	9830	94.7426032886797	103.772555581082	103.772555581082	125
20251209 054346	3115	343	0	-1	255	999983	FALSE	rmse	TRUE	regression	TRUE	TRUE	FALSE	gbdt	0	-100	-100	0.0894365663742046	0.759755364869864	1496	19	4.63723558544506	1.69963139137181	0.939090007176134	4106	93.1280023949341	104.397679209718	104.397679209718	126
20251209 054513	3115	343	0	-1	255	999983	FALSE	rmse	TRUE	regression	TRUE	TRUE	FALSE	gbdt	0	-100	-100	0.0544434249367607	0.633853272461033	1445	19	4.98029719385816	1.8827401500764	0.624890179155167	5175	94.0397471130076	109.536723325057	109.536723325057	127
20251209 054600	3115	343	0	-1	255	999983	FALSE	rmse	TRUE	regression	TRUE	TRUE	FALSE	gbdt	0	-100	-100	0.0846159507021309	0.705509549258506	674	18	4.8428066178306	1.23916845090525	0.688821377319665	2478	88.4306889543208	102.274312345142	102.274312345142	128
