fecha	cols	rows	min_gain_to_split	max_depth	max_bin	seed	extra_trees	metric	first_metric_only	objective	boost_from_average	force_row_wise	feature_pre_filter	boosting	num_threads	verbosity	verbose	learning_rate	feature_fraction	num_leaves	min_data_in_leaf	lambda_l1	lambda_l2	bagging_fraction	num_iterations	rmse_validate	rmse_test	ganancia	iteracion_bayesiana
20251209 230405	3142	435	0	-1	255	999983	FALSE	rmse	TRUE	regression	TRUE	TRUE	FALSE	gbdt	0	-100	-100	0.119522282329105	0.362005779790759	325	8	3.21357513873539	3.99570562319631	0.888863197624284	402	67.5585082284258	104.134957723053	104.134957723053	1
20251209 230519	3142	435	0	-1	255	999983	FALSE	rmse	TRUE	regression	TRUE	TRUE	FALSE	gbdt	0	-100	-100	0.0862685140461794	0.455076599570124	448	191	2.86457601826571	3.86563124118506	0.64143124243045	12159	102.108579599651	135.311529071704	135.311529071704	2
20251209 230912	3142	435	0	-1	255	999983	FALSE	rmse	TRUE	regression	TRUE	TRUE	FALSE	gbdt	0	-100	-100	0.148441460961143	0.568948191958147	1418	102	4.52048065323782	6.19469018012751	0.755135719301844	18011	61.6783124776885	104.885438855479	104.885438855479	3
20251209 230946	3142	435	0	-1	255	999983	FALSE	rmse	TRUE	regression	TRUE	TRUE	FALSE	gbdt	0	-100	-100	0.134375564789849	0.586204172359846	875	173	1.77711723010621	5.86251101423321	0.813535175788482	3476	102.777270534001	122.988837031394	122.988837031394	4
20251209 231202	3142	435	0	-1	255	999983	FALSE	rmse	TRUE	regression	TRUE	TRUE	FALSE	gbdt	0	-100	-100	0.0806964550888266	0.624750219691279	504	136	3.37903506392779	5.59490385764678	0.777967579536406	10890	88.2299857118163	121.313820014321	121.313820014321	5
20251209 231242	3142	435	0	-1	255	999983	FALSE	rmse	TRUE	regression	TRUE	TRUE	FALSE	gbdt	0	-100	-100	0.155416065019256	0.709098904491735	152	215	4.40483955067715	3.17913620882401	0.663964087595897	3901	125.695002199073	126.06814893314	126.06814893314	6
20251209 231816	3142	435	0	-1	255	999983	FALSE	rmse	TRUE	regression	TRUE	TRUE	FALSE	gbdt	0	-100	-100	0.100786378241277	0.422530157596339	1266	115	1.81493379965624	0.990076638824706	0.836382783353994	36248	80.274603249137	115.660315019857	115.660315019857	7
20251209 232729	3142	435	0	-1	255	999983	FALSE	rmse	TRUE	regression	TRUE	TRUE	FALSE	gbdt	0	-100	-100	0.113266454701495	0.842896876938175	665	120	2.32404920251741	8.77573254185596	0.76452817355083	36737	86.6754412960045	117.40347846298	117.40347846298	8
20251209 234800	3142	435	0	-1	255	999983	FALSE	rmse	TRUE	regression	TRUE	TRUE	FALSE	gbdt	0	-100	-100	0.0346367382071081	0.607318801146799	813	93	0.288935632270295	1.4253498780142	0.866972312291286	70815	77.9564268235779	113.12198038654	113.12198038654	9
20251209 235056	3142	435	0	-1	255	999983	FALSE	rmse	TRUE	regression	TRUE	TRUE	FALSE	gbdt	0	-100	-100	0.0592710187914781	0.396302700598192	733	156	2.06562128529185	5.17020890281336	0.619099985415648	27581	96.1889602521306	127.705659108333	127.705659108333	10
20251209 235301	3142	435	0	-1	255	999983	FALSE	rmse	TRUE	regression	TRUE	TRUE	FALSE	gbdt	0	-100	-100	0.068013344969035	0.517046665578216	923	185	4.21887972762176	2.51131862609847	0.81703252193651	18506	96.8846955571055	129.940765975339	129.940765975339	11
20251209 235857	3142	435	0	-1	255	999983	FALSE	rmse	TRUE	regression	TRUE	TRUE	FALSE	gbdt	0	-100	-100	0.0169781741167286	0.737467135028315	254	54	0.499364905616468	8.26039167403776	0.873858862499973	14808	67.4430738818043	100.800318440988	100.800318440988	12
20251209 235900	3142	435	0	-1	255	999983	FALSE	rmse	TRUE	regression	TRUE	TRUE	FALSE	gbdt	0	-100	-100	0.143984689769235	0.813622849738957	790	229	2.68094655716725	1.97474938127146	0.955430757267667	1	274.470777350186	310.644551382509	310.644551382509	13
20251209 235937	3142	435	0	-1	255	999983	FALSE	rmse	TRUE	regression	TRUE	TRUE	FALSE	gbdt	0	-100	-100	0.162177420776653	0.764325957281315	1381	37	0.765503580540618	7.25862991721702	0.728898105051901	978	56.94611545065	90.4571068802524	90.4571068802524	14
20251209 235947	3142	435	0	-1	255	999983	FALSE	rmse	TRUE	regression	TRUE	TRUE	FALSE	gbdt	0	-100	-100	0.176381038006761	0.476623125685312	435	16	3.87997291075798	4.82042191367197	0.604549683390983	318	84.7199614993173	106.260031674214	106.260031674214	15
20251210 000034	3142	435	0	-1	255	999983	FALSE	rmse	TRUE	regression	TRUE	TRUE	FALSE	gbdt	0	-100	-100	0.181143801539272	0.319478966664922	591	167	3.58207309053146	0.566721109041412	0.931415427978417	12005	95.9254751702402	114.293722590921	114.293722590921	16
20251210 000136	3142	435	0	-1	255	999983	FALSE	rmse	TRUE	regression	TRUE	TRUE	FALSE	gbdt	0	-100	-100	0.0510257185202291	0.82175896071962	1094	23	2.62924935606342	4.61005348022029	0.904133551171981	1835	71.7946660625177	105.474667490276	105.474667490276	17
20251210 000320	3142	435	0	-1	255	999983	FALSE	rmse	TRUE	regression	TRUE	TRUE	FALSE	gbdt	0	-100	-100	0.043532772237252	0.88751584779072	1309	203	0.589143312245142	9.10041643032205	0.792243533478385	9938	115.764603885926	141.302458092164	141.302458092164	18
20251210 000803	3142	435	0	-1	255	999983	FALSE	rmse	TRUE	regression	TRUE	TRUE	FALSE	gbdt	0	-100	-100	0.0717078474244668	0.663423728838097	1187	143	4.87461141181744	8.15290137318828	0.644475520688242	25019	96.336448155549	130.177069327815	130.177069327815	19
20251210 000841	3142	435	0	-1	255	999983	FALSE	rmse	TRUE	regression	TRUE	TRUE	FALSE	gbdt	0	-100	-100	0.186926692503787	0.778406972037296	977	59	1.60094655917159	1.54736233392863	0.965462867716061	1409	92.414051774383	108.368787116367	108.368787116367	20
20251210 000842	3142	435	0	-1	255	999983	FALSE	rmse	TRUE	regression	TRUE	TRUE	FALSE	gbdt	0	-100	-100	0.0470731750099055	0.699498281115666	79	250	1.22711277109504	7.50824113750631	0.971528095296318	1	274.470777350186	310.644551382509	310.644551382509	21
20251210 000911	3142	435	0	-1	255	999983	FALSE	rmse	TRUE	regression	TRUE	TRUE	FALSE	gbdt	0	-100	-100	0.106647074545451	0.324687760642597	62	42	0.89571789123251	6.89768546077955	0.848926344264432	3837	63.8223647115169	93.6479842066938	93.6479842066938	22
20251210 001009	3142	435	0	-1	255	999983	FALSE	rmse	TRUE	regression	TRUE	TRUE	FALSE	gbdt	0	-100	-100	0.168777852541534	0.384632697317284	1455	79	3.93765177049707	3.48704546507049	0.691576430577386	8264	75.4746161923314	110.016141229706	110.016141229706	23
20251210 001159	3142	435	0	-1	255	999983	FALSE	rmse	TRUE	regression	TRUE	TRUE	FALSE	gbdt	0	-100	-100	0.126473952765477	0.862169972052133	343	146	4.68222209709763	6.77548989728426	0.918741769992214	11205	100.692640895283	133.746109161499	133.746109161499	24
20251210 001200	3142	435	0	-1	255	999983	FALSE	rmse	TRUE	regression	TRUE	TRUE	FALSE	gbdt	0	-100	-100	0.0964473610116069	0.679432742540458	646	241	0.100688467708616	2.42016222560778	0.677897573242496	1	274.470777350186	310.644551382509	310.644551382509	25
20251210 002539	3142	435	0	-1	255	999983	FALSE	rmse	TRUE	regression	TRUE	TRUE	FALSE	gbdt	0	-100	-100	0.0124130745368477	0.540416713000741	1141	92	1.34913083382084	9.58030102491778	0.995230862568133	58035	78.566402719208	112.322862197415	112.322862197415	26
20251210 002605	3142	435	0	-1	255	999983	FALSE	rmse	TRUE	regression	TRUE	TRUE	FALSE	gbdt	0	-100	-100	0.196623732854163	0.448260361970668	1026	218	2.159073910651	9.79911338945385	0.707339297278252	1	274.470777350186	310.644551382509	310.644551382509	27
20251210 002909	3142	435	0	-1	255	999983	FALSE	rmse	TRUE	regression	TRUE	TRUE	FALSE	gbdt	0	-100	-100	0.0255829474166135	0.507296367809509	204	73	3.41110014364988	0.324106289689163	0.727802578689131	19034	72.7449547368755	109.237810091201	109.237810091201	28
20251210 003024	3142	435	0	-1	255	999983	FALSE	rmse	TRUE	regression	TRUE	TRUE	FALSE	gbdt	0	-100	-100	0.156186015295602	0.809407263573611	15	189	4.93656138571433	0.874455285496253	0.600702959440997	7905	97.7622933461382	128.852000724517	128.852000724517	29
20251210 003102	3142	435	0	-1	255	999983	FALSE	rmse	TRUE	regression	TRUE	TRUE	FALSE	gbdt	0	-100	-100	0.0985032493533882	0.468129390179616	1091	44	2.10556258434088	8.51425144538159	0.636872717078102	2931	62.1340600550241	100.943759395732	100.943759395732	30
20251210 003124	3142	435	0	-1	255	999983	FALSE	rmse	TRUE	regression	TRUE	TRUE	FALSE	gbdt	0	-100	-100	0.128310208243587	0.601041763563114	303	24	0.89234266610918	3.09828590808391	0.66670509128398	691	73.4188490818443	106.47777731918	106.47777731918	31
20251210 003220	3142	435	0	-1	255	999983	FALSE	rmse	TRUE	regression	TRUE	TRUE	FALSE	gbdt	0	-100	-100	0.160027533940589	0.68007681978316	80	38	3.09510155923444	9.22112177987966	0.898851118295129	2558	60.3258992826408	90.188428249704	90.188428249704	32
20251210 003246	3142	435	0	-1	255	999983	FALSE	rmse	TRUE	regression	TRUE	TRUE	FALSE	gbdt	0	-100	-100	0.178680957783828	0.642280544161496	625	34	1.35315010351301	9.99135118668335	0.931548011257431	770	53.3125927842601	101.952892952651	101.952892952651	33
20251210 003318	3142	435	0	-1	255	999983	FALSE	rmse	TRUE	regression	TRUE	TRUE	FALSE	gbdt	0	-100	-100	0.0972472133044369	0.380764380856956	158	40	4.00208009244537	3.83115628721484	0.916868912666684	3471	59.2443617704974	100.297784356842	100.297784356842	34
20251210 004233	3142	435	0	-1	255	999983	FALSE	rmse	TRUE	regression	TRUE	TRUE	FALSE	gbdt	0	-100	-100	0.0141606037439304	0.899440136659366	1497	172	0.0599150741606784	8.89081080858142	0.907550951603795	43280	102.543174735139	126.342031877194	126.342031877194	35
20251210 004332	3142	435	0	-1	255	999983	FALSE	rmse	TRUE	regression	TRUE	TRUE	FALSE	gbdt	0	-100	-100	0.142988951310586	0.87056427969414	35	42	2.2094284211381	5.15525340656306	0.750148089289051	1557	70.4787926926969	97.0587752110091	97.0587752110091	36
20251210 004354	3142	435	0	-1	255	999983	FALSE	rmse	TRUE	regression	TRUE	TRUE	FALSE	gbdt	0	-100	-100	0.161983893445018	0.433416422169822	55	61	2.89668934476049	8.95471672165217	0.822002421095912	2367	97.5334919169514	98.6213859786208	98.6213859786208	37
20251210 004421	3142	435	0	-1	255	999983	FALSE	rmse	TRUE	regression	TRUE	TRUE	FALSE	gbdt	0	-100	-100	0.162510932143408	0.431785897342831	1454	49	0.00194240249449921	5.80982636678166	0.785158441426605	1525	73.3282038995612	107.3923163134	107.3923163134	38
20251210 004509	3142	435	0	-1	255	999983	FALSE	rmse	TRUE	regression	TRUE	TRUE	FALSE	gbdt	0	-100	-100	0.170123225281387	0.827351488370613	1487	40	3.55997635365929	8.22070313367261	0.784002246527592	1706	58.3045649811551	87.9705077467857	87.9705077467857	39
20251210 004957	3142	435	0	-1	255	999983	FALSE	rmse	TRUE	regression	TRUE	TRUE	FALSE	gbdt	0	-100	-100	0.0112889704111253	0.754034990834986	11	206	4.99792840343708	2.96686122129555	0.629768260045897	29152	115.411276005179	142.399681958712	142.399681958712	40
20251210 005057	3142	435	0	-1	255	999983	FALSE	rmse	TRUE	regression	TRUE	TRUE	FALSE	gbdt	0	-100	-100	0.0980668548672895	0.884436606866609	771	54	3.59730262785236	8.4990750930454	0.853904181062199	2633	66.6722794855757	97.2040767276675	97.2040767276675	41
20251210 005125	3142	435	0	-1	255	999983	FALSE	rmse	TRUE	regression	TRUE	TRUE	FALSE	gbdt	0	-100	-100	0.199196556388331	0.5970067508476	634	40	3.18344469542774	4.79809076998903	0.791240078021617	1532	60.2473187464771	94.242797116293	94.242797116293	42
20251210 005234	3142	435	0	-1	255	999983	FALSE	rmse	TRUE	regression	TRUE	TRUE	FALSE	gbdt	0	-100	-100	0.137873794850199	0.89870305646915	1470	72	1.06322101820574	8.64098112234515	0.677009227411015	3359	75.053007501608	107.227763455361	107.227763455361	43
20251210 005308	3142	435	0	-1	255	999983	FALSE	rmse	TRUE	regression	TRUE	TRUE	FALSE	gbdt	0	-100	-100	0.132770650872787	0.499699391737743	1479	30	3.51955590262238	9.55442409152915	0.845107161295454	2091	52.1943634046577	97.0615494302979	97.0615494302979	44
20251210 005336	3142	435	0	-1	255	999983	FALSE	rmse	TRUE	regression	TRUE	TRUE	FALSE	gbdt	0	-100	-100	0.152486996971203	0.838964995010668	546	37	4.78144657530326	9.95294387128838	0.74414151015959	961	50.7475649709411	91.7371917938716	91.7371917938716	45
20251210 005457	3142	435	0	-1	255	999983	FALSE	rmse	TRUE	regression	TRUE	TRUE	FALSE	gbdt	0	-100	-100	0.0775273387222676	0.773171004102357	356	36	3.56872573243676	9.70944362889157	0.695172553122089	3475	54.9417695796251	94.5957573656641	94.5957573656641	46
20251210 005542	3142	435	0	-1	255	999983	FALSE	rmse	TRUE	regression	TRUE	TRUE	FALSE	gbdt	0	-100	-100	0.181762492147113	0.77080520440961	1205	36	4.93512218031044	7.57030280327795	0.75024479830291	1893	52.1623316877472	96.3749745665206	96.3749745665206	47
20251210 005918	3142	435	0	-1	255	999983	FALSE	rmse	TRUE	regression	TRUE	TRUE	FALSE	gbdt	0	-100	-100	0.182917046725009	0.724023466092236	354	85	4.27070427074086	7.26533520906001	0.885675396268458	15853	76.3937749255433	110.454104594361	110.454104594361	48
20251210 005946	3142	435	0	-1	255	999983	FALSE	rmse	TRUE	regression	TRUE	TRUE	FALSE	gbdt	0	-100	-100	0.153155203968829	0.834229165461415	1499	7	2.42201455286562	9.93129704025752	0.733386120850146	331	49.5931734518791	94.8355621166792	94.8355621166792	49
20251210 010100	3142	435	0	-1	255	999983	FALSE	rmse	TRUE	regression	TRUE	TRUE	FALSE	gbdt	0	-100	-100	0.126902411693588	0.894302119644817	1498	38	2.60944164070532	0.175770913767064	0.731174120503588	2993	57.9886987507999	93.4404924085125	93.4404924085125	50
20251210 010123	3142	435	0	-1	255	999983	FALSE	rmse	TRUE	regression	TRUE	TRUE	FALSE	gbdt	0	-100	-100	0.191492468491396	0.74490057381995	1500	11	1.68915232529196	0.123533387594182	0.824049472668392	445	91.4695305702448	129.851056092302	129.851056092302	51
20251210 010656	3142	435	0	-1	255	999983	FALSE	rmse	TRUE	regression	TRUE	TRUE	FALSE	gbdt	0	-100	-100	0.0287845441231545	0.848873297084324	1500	38	2.36369376877507	9.75378204917139	0.759417324053817	14778	51.0478953616364	90.0901348654043	90.0901348654043	52
20251210 010740	3142	435	0	-1	255	999983	FALSE	rmse	TRUE	regression	TRUE	TRUE	FALSE	gbdt	0	-100	-100	0.115908924992634	0.895299887550616	1494	31	2.60349948475441	7.66032136249745	0.671701270632801	1093	59.9540095907564	96.4337429028412	96.4337429028412	53
20251210 010759	3142	435	0	-1	255	999983	FALSE	rmse	TRUE	regression	TRUE	TRUE	FALSE	gbdt	0	-100	-100	0.137531527718219	0.768584367388093	144	5	3.82725000422027	9.99588111090075	0.772186667229144	171	47.0851898792094	89.6346099066136	89.6346099066136	54
20251210 010842	3142	435	0	-1	255	999983	FALSE	rmse	TRUE	regression	TRUE	TRUE	FALSE	gbdt	0	-100	-100	0.0254759867937005	0.374418910900181	21	13	2.65804866685421	9.99234581604715	0.785973914820497	2222	59.7647226896908	92.5084497651406	92.5084497651406	55
20251210 010851	3142	435	0	-1	255	999983	FALSE	rmse	TRUE	regression	TRUE	TRUE	FALSE	gbdt	0	-100	-100	0.156604395939208	0.359108199375183	10	20	4.24098043789423	9.99400912930088	0.795906865621401	557	58.4904376643998	91.9708428051035	91.9708428051035	56
20251210 011001	3142	435	0	-1	255	999983	FALSE	rmse	TRUE	regression	TRUE	TRUE	FALSE	gbdt	0	-100	-100	0.128965976260544	0.784184776152292	1351	41	2.41527057857405	9.70448661209029	0.804448110466955	3062	59.4587635561388	96.2640106330197	96.2640106330197	57
20251210 012206	3142	435	0	-1	255	999983	FALSE	rmse	TRUE	regression	TRUE	TRUE	FALSE	gbdt	0	-100	-100	0.0130631025801653	0.894068999072713	1495	40	0.967050055981782	5.0049264906197	0.704316368617397	27875	60.9325515575456	96.6133262208306	96.6133262208306	58
20251210 012312	3142	435	0	-1	255	999983	FALSE	rmse	TRUE	regression	TRUE	TRUE	FALSE	gbdt	0	-100	-100	0.0233974358522107	0.518514159088465	886	5	4.06046182212861	9.99859938032383	0.766782300449118	1574	52.7188694380422	88.8728691186636	88.8728691186636	59
20251210 012425	3142	435	0	-1	255	999983	FALSE	rmse	TRUE	regression	TRUE	TRUE	FALSE	gbdt	0	-100	-100	0.0385167253720198	0.603200602369279	679	5	0.0371289486089288	9.99658279025798	0.749493099121648	740	58.9901428771134	92.2454082720521	92.2454082720521	60
20251210 012509	3142	435	0	-1	255	999983	FALSE	rmse	TRUE	regression	TRUE	TRUE	FALSE	gbdt	0	-100	-100	0.0259020021907314	0.338966293735747	1500	7	1.35194851489254	9.98866640091325	0.730111602020475	1305	59.6210058106746	93.3882980989282	93.3882980989282	61
20251210 012521	3142	435	0	-1	255	999983	FALSE	rmse	TRUE	regression	TRUE	TRUE	FALSE	gbdt	0	-100	-100	0.177988319032411	0.372878765843918	121	5	0.868295370946963	9.98633953948982	0.694502101506921	179	60.1132633134731	95.7672252426883	95.7672252426883	62
20251210 012539	3142	435	0	-1	255	999983	FALSE	rmse	TRUE	regression	TRUE	TRUE	FALSE	gbdt	0	-100	-100	0.100265674392362	0.515013348090173	512	9	3.37430666853654	9.99838037730078	0.777197669283679	352	51.7668816167016	87.9480512933539	87.9480512933539	63
20251210 012640	3142	435	0	-1	255	999983	FALSE	rmse	TRUE	regression	TRUE	TRUE	FALSE	gbdt	0	-100	-100	0.0313840823696083	0.598181289494231	1499	5	3.68159743153469	9.97553421914448	0.991226978972023	1139	58.4017264701799	91.1105187793455	91.1105187793455	64
20251210 012702	3142	435	0	-1	255	999983	FALSE	rmse	TRUE	regression	TRUE	TRUE	FALSE	gbdt	0	-100	-100	0.198592232569952	0.363574369744224	40	38	0.661803834832234	9.8038671200269	0.600767890231993	2097	60.419621417622	92.7229684230178	92.7229684230178	65
20251210 012731	3142	435	0	-1	255	999983	FALSE	rmse	TRUE	regression	TRUE	TRUE	FALSE	gbdt	0	-100	-100	0.198054182622837	0.642831777411001	36	47	4.69723810750347	9.63172616702812	0.719499590648115	1394	79.959147056367	101.573321855796	101.573321855796	66
20251210 012917	3142	435	0	-1	255	999983	FALSE	rmse	TRUE	regression	TRUE	TRUE	FALSE	gbdt	0	-100	-100	0.0168241259267907	0.896354570779443	458	6	4.28642461840602	9.9955824388995	0.963475125407189	1896	55.7921998846079	96.8089890772817	96.8089890772817	67
20251210 013041	3142	435	0	-1	255	999983	FALSE	rmse	TRUE	regression	TRUE	TRUE	FALSE	gbdt	0	-100	-100	0.0193665171979526	0.300832783444364	593	37	3.32136924371429	9.06744224285007	0.779879906122165	9919	52.7013551949276	92.8405796565978	92.8405796565978	68
20251210 013355	3142	435	0	-1	255	999983	FALSE	rmse	TRUE	regression	TRUE	TRUE	FALSE	gbdt	0	-100	-100	0.0229227595194186	0.820631996859493	1406	65	4.84320348339456	1.37867141097938	0.884301917322012	8121	98.3541428857357	117.10805242919	117.10805242919	69
20251210 013529	3142	435	0	-1	255	999983	FALSE	rmse	TRUE	regression	TRUE	TRUE	FALSE	gbdt	0	-100	-100	0.0838383490208269	0.301073749981827	251	95	1.27750033069206	8.92810312320467	0.600723299743479	17473	72.5735705200283	105.99764706538	105.99764706538	70
20251210 013610	3142	435	0	-1	255	999983	FALSE	rmse	TRUE	regression	TRUE	TRUE	FALSE	gbdt	0	-100	-100	0.193909162851019	0.858437987808572	683	55	0.34521074163078	0.0501032084639187	0.600045603101103	1620	78.0122335192554	102.271700356495	102.271700356495	71
20251210 013649	3142	435	0	-1	255	999983	FALSE	rmse	TRUE	regression	TRUE	TRUE	FALSE	gbdt	0	-100	-100	0.0405346543320278	0.333001040080678	579	70	0.473769463892093	8.76883954398495	0.69283248365715	4744	74.5501807234834	105.856206315869	105.856206315869	72
20251210 013710	3142	435	0	-1	255	999983	FALSE	rmse	TRUE	regression	TRUE	TRUE	FALSE	gbdt	0	-100	-100	0.158614316866949	0.397281635824037	214	37	2.99195981273192	8.43442724187908	0.752015379196015	1980	63.7986137664556	105.105674476797	105.105674476797	73
20251210 013733	3142	435	0	-1	255	999983	FALSE	rmse	TRUE	regression	TRUE	TRUE	FALSE	gbdt	0	-100	-100	0.107316441637709	0.681090056685609	12	17	4.51726749500869	9.99604263811931	0.913338985131095	604	67.2553097448872	92.7046876091018	92.7046876091018	74
20251210 014029	3142	435	0	-1	255	999983	FALSE	rmse	TRUE	regression	TRUE	TRUE	FALSE	gbdt	0	-100	-100	0.0277255831843889	0.525438989804004	542	36	0.476822220537695	9.98708315482296	0.634140592122765	11767	47.1651721432556	90.475962313808	90.475962313808	75
20251210 014101	3142	435	0	-1	255	999983	FALSE	rmse	TRUE	regression	TRUE	TRUE	FALSE	gbdt	0	-100	-100	0.0366020782094543	0.300633839919909	775	17	4.03131418288102	9.97274407963625	0.789169049423399	2628	72.1748705524558	90.7966212338322	90.7966212338322	76
20251210 015345	3142	435	0	-1	255	999983	FALSE	rmse	TRUE	regression	TRUE	TRUE	FALSE	gbdt	0	-100	-100	0.0106544789983433	0.790394254617311	675	39	4.18047227239264	7.69520454781382	0.864437927810491	34881	56.3078741906889	90.7723204967861	90.7723204967861	77
20251210 015533	3142	435	0	-1	255	999983	FALSE	rmse	TRUE	regression	TRUE	TRUE	FALSE	gbdt	0	-100	-100	0.0327585468734129	0.300693087765271	11	39	0.116476308473294	9.96072158652342	0.968752231735988	12574	55.3221238941892	92.8675802529761	92.8675802529761	78
20251210 015708	3142	435	0	-1	255	999983	FALSE	rmse	TRUE	regression	TRUE	TRUE	FALSE	gbdt	0	-100	-100	0.0524928683843026	0.879542340697929	10	41	3.96455453935069	9.98964171972265	0.904129237930955	3819	58.9695238952366	95.2731493669479	95.2731493669479	79
20251210 020215	3142	435	0	-1	255	999983	FALSE	rmse	TRUE	regression	TRUE	TRUE	FALSE	gbdt	0	-100	-100	0.0253100883617677	0.608250806053526	1500	38	3.82062417525782	5.71599649022655	0.814077204545197	13843	56.2126874379902	90.4295434367913	90.4295434367913	80
20251210 020245	3142	435	0	-1	255	999983	FALSE	rmse	TRUE	regression	TRUE	TRUE	FALSE	gbdt	0	-100	-100	0.196557405866752	0.300044046931499	10	73	0.00486418994555952	3.1100808355133	0.943173021049145	4333	64.3343898817098	104.291353616854	104.291353616854	81
20251210 020359	3142	435	0	-1	255	999983	FALSE	rmse	TRUE	regression	TRUE	TRUE	FALSE	gbdt	0	-100	-100	0.0587882899945779	0.300130316960557	15	104	3.4865302144475	6.90157573528581	0.981343773920013	14511	62.4139316668669	107.018626332852	107.018626332852	82
20251210 020507	3142	435	0	-1	255	999983	FALSE	rmse	TRUE	regression	TRUE	TRUE	FALSE	gbdt	0	-100	-100	0.199702467947294	0.770741531047309	95	39	0.0651151777093413	9.97221527598684	0.615677514310748	2805	60.6645448573917	89.297338847362	89.297338847362	83
20251210 020634	3142	435	0	-1	255	999983	FALSE	rmse	TRUE	regression	TRUE	TRUE	FALSE	gbdt	0	-100	-100	0.0239515905818337	0.544106161542298	1495	20	3.17425442366897	9.96738331976698	0.609920620818914	3393	70.1515943833643	92.98408209465	92.98408209465	84
20251210 020653	3142	435	0	-1	255	999983	FALSE	rmse	TRUE	regression	TRUE	TRUE	FALSE	gbdt	0	-100	-100	0.187773984711765	0.788602355145882	571	5	4.44128069351816	9.99528824645449	0.834032337584616	264	50.2341061662204	94.8668202726405	94.8668202726405	85
20251210 020729	3142	435	0	-1	255	999983	FALSE	rmse	TRUE	regression	TRUE	TRUE	FALSE	gbdt	0	-100	-100	0.0648984137619657	0.785353782522628	583	5	3.43717496843158	9.99688096851026	0.602027163587392	499	60.0139071493738	91.2368314851305	91.2368314851305	86
20251210 020808	3142	435	0	-1	255	999983	FALSE	rmse	TRUE	regression	TRUE	TRUE	FALSE	gbdt	0	-100	-100	0.184372558287196	0.899099308466349	643	40	3.9857800053414	2.89525398796756	0.861211421781092	1569	82.8268108545503	102.572469011875	102.572469011875	87
20251210 021335	3142	435	0	-1	255	999983	FALSE	rmse	TRUE	regression	TRUE	TRUE	FALSE	gbdt	0	-100	-100	0.015166056450898	0.338088993749488	11	40	0.032888561762877	0.401420420991069	0.842826301165824	34257	60.3124158782503	102.052440420618	102.052440420618	88
20251210 021431	3142	435	0	-1	255	999983	FALSE	rmse	TRUE	regression	TRUE	TRUE	FALSE	gbdt	0	-100	-100	0.116321748263836	0.621354317431164	10	57	2.92676894197876	7.00183067157753	0.995222481341245	2688	71.1207271271148	93.6742488848536	93.6742488848536	89
20251210 021758	3142	435	0	-1	255	999983	FALSE	rmse	TRUE	regression	TRUE	TRUE	FALSE	gbdt	0	-100	-100	0.0170580310941428	0.63340224462956	652	22	3.6250430885764	9.9855548648447	0.760592798807407	7721	59.1448206881073	98.5994645896671	98.5994645896671	90
20251210 021811	3142	435	0	-1	255	999983	FALSE	rmse	TRUE	regression	TRUE	TRUE	FALSE	gbdt	0	-100	-100	0.0907407272114213	0.301172126585645	872	5	4.70027090928347	9.99824083787209	0.634787512518456	406	58.7184731171277	94.5242271488028	94.5242271488028	91
20251210 022018	3142	435	0	-1	255	999983	FALSE	rmse	TRUE	regression	TRUE	TRUE	FALSE	gbdt	0	-100	-100	0.084223342181755	0.608592606718146	823	39	0.145079975592202	2.61665796281522	0.606197161956567	5379	57.8175575141502	95.6513994237785	95.6513994237785	92
20251210 022114	3142	435	0	-1	255	999983	FALSE	rmse	TRUE	regression	TRUE	TRUE	FALSE	gbdt	0	-100	-100	0.18643944332019	0.607619033891493	14	62	0.389287313165408	4.22783358318427	0.636965598542418	2939	94.7434316053062	101.394110675809	101.394110675809	93
20251210 022449	3142	435	0	-1	255	999983	FALSE	rmse	TRUE	regression	TRUE	TRUE	FALSE	gbdt	0	-100	-100	0.012453637570481	0.30850207460106	572	57	3.7648092227142	5.88184038963943	0.994495895905923	26956	69.6730769511546	101.454722576058	101.454722576058	94
20251210 024032	3142	435	0	-1	255	999983	FALSE	rmse	TRUE	regression	TRUE	TRUE	FALSE	gbdt	0	-100	-100	0.0100591101058735	0.306475201904582	868	100	4.8644467276357	9.52876834243616	0.624543633445725	99987	63.2727658704137	102.200818795467	102.200818795467	95
20251210 024159	3142	435	0	-1	255	999983	FALSE	rmse	TRUE	regression	TRUE	TRUE	FALSE	gbdt	0	-100	-100	0.042817809859318	0.805916174823274	1497	7	4.66047174872694	9.6572350254828	0.724519554283469	715	51.1190463033139	96.3769583102579	96.3769583102579	96
20251210 024212	3142	435	0	-1	255	999983	FALSE	rmse	TRUE	regression	TRUE	TRUE	FALSE	gbdt	0	-100	-100	0.151596587470573	0.563490641406792	10	12	0.948103130026337	9.99491596901816	0.83912540120405	332	64.8875441583701	98.7695380747902	98.7695380747902	97
20251210 024237	3142	435	0	-1	255	999983	FALSE	rmse	TRUE	regression	TRUE	TRUE	FALSE	gbdt	0	-100	-100	0.050852960509121	0.360232815176756	862	5	3.55469408336213	9.9795948145958	0.971688694235799	799	56.1781354148581	93.1173910350917	93.1173910350917	98
20251210 024302	3142	435	0	-1	255	999983	FALSE	rmse	TRUE	regression	TRUE	TRUE	FALSE	gbdt	0	-100	-100	0.192545772388204	0.849781432741315	792	39	3.6713348052214	9.7624012611702	0.605456893338645	895	55.7269890248132	97.8722135825888	97.8722135825888	99
20251210 024322	3142	435	0	-1	255	999983	FALSE	rmse	TRUE	regression	TRUE	TRUE	FALSE	gbdt	0	-100	-100	0.0685419615771109	0.491113077758668	289	5	4.67699774100419	9.87346978522984	0.826661182016409	437	57.7528969928351	91.3760099176143	91.3760099176143	100
20251210 024515	3142	435	0	-1	255	999983	FALSE	rmse	TRUE	regression	TRUE	TRUE	FALSE	gbdt	0	-100	-100	0.100003109957547	0.749593668306646	549	39	0.12388077395036	7.16700145714406	0.743180206701924	4726	57.2720259794314	99.3642851556857	99.3642851556857	101
20251210 024608	3142	435	0	-1	255	999983	FALSE	rmse	TRUE	regression	TRUE	TRUE	FALSE	gbdt	0	-100	-100	0.0188810726379518	0.310803824284126	533	7	1.22473059362732	9.98168236327764	0.616408040594191	2063	54.556309828342	94.5407230336406	94.5407230336406	102
20251210 024653	3142	435	0	-1	255	999983	FALSE	rmse	TRUE	regression	TRUE	TRUE	FALSE	gbdt	0	-100	-100	0.197321107222055	0.842773926519922	1499	39	1.41538031554652	4.57814872097646	0.615816281711446	1586	61.8965542302925	96.8301439826253	96.8301439826253	103
20251210 024723	3142	435	0	-1	255	999983	FALSE	rmse	TRUE	regression	TRUE	TRUE	FALSE	gbdt	0	-100	-100	0.0666784646032624	0.594230545179988	1059	5	2.95117913565941	9.99460242236492	0.77085755789887	469	55.1805074503057	89.1447385565	89.1447385565	104
20251210 025623	3142	435	0	-1	255	999983	FALSE	rmse	TRUE	regression	TRUE	TRUE	FALSE	gbdt	0	-100	-100	0.0101499791026795	0.692663942234645	814	55	4.89159866579065	9.88269410529005	0.636417574970919	24805	72.7462333917522	100.366016647924	100.366016647924	105
20251210 025724	3142	435	0	-1	255	999983	FALSE	rmse	TRUE	regression	TRUE	TRUE	FALSE	gbdt	0	-100	-100	0.199484081307413	0.306792416143641	764	103	1.60605381728892	9.60612342712696	0.866836542411497	11704	66.6787520509626	112.144221693734	112.144221693734	106
20251210 030534	3142	435	0	-1	255	999983	FALSE	rmse	TRUE	regression	TRUE	TRUE	FALSE	gbdt	0	-100	-100	0.0101826289473964	0.818797017520395	1498	5	0.252242723171641	9.97993874194166	0.81921392428603	7914	65.8523016505693	94.7145295909277	94.7145295909277	107
20251210 031302	3142	435	0	-1	255	999983	FALSE	rmse	TRUE	regression	TRUE	TRUE	FALSE	gbdt	0	-100	-100	0.0100794647771478	0.606877150790084	1498	36	3.21803592301571	8.57385775336874	0.999628638525396	17924	50.5819166283881	89.4897191199913	89.4897191199913	108
20251210 031806	3142	435	0	-1	255	999983	FALSE	rmse	TRUE	regression	TRUE	TRUE	FALSE	gbdt	0	-100	-100	0.016854597991964	0.463818349328708	1438	36	0.930959649560291	0.146270059515213	0.672558039613128	21616	52.9877321329095	91.967050734689	91.967050734689	109
20251210 031956	3142	435	0	-1	255	999983	FALSE	rmse	TRUE	regression	TRUE	TRUE	FALSE	gbdt	0	-100	-100	0.0118699047669749	0.372920188515117	1447	15	3.38463556495582	9.99595353926179	0.933968575780691	5760	63.0412659341107	91.5585208164818	91.5585208164818	110
20251210 032027	3142	435	0	-1	255	999983	FALSE	rmse	TRUE	regression	TRUE	TRUE	FALSE	gbdt	0	-100	-100	0.150006257202099	0.481198979325903	521	105	4.94797769791333	0.124660348498097	0.65839870012393	3449	69.2731728146275	108.230200918805	108.230200918805	111
20251210 033036	3142	435	0	-1	255	999983	FALSE	rmse	TRUE	regression	TRUE	TRUE	FALSE	gbdt	0	-100	-100	0.0104401647855511	0.580782417772269	871	38	4.0451799482014	9.91351391428427	0.898467829593884	39815	51.3503586805916	93.8775155503575	93.8775155503575	112
20251210 040448	3142	435	0	-1	255	999983	FALSE	rmse	TRUE	regression	TRUE	TRUE	FALSE	gbdt	0	-100	-100	0.0111690320355072	0.874308901530438	1144	97	3.46868204488355	6.25852154045081	0.600735380664568	99993	65.9557090098538	101.458968855659	101.458968855659	113
20251210 040812	3142	435	0	-1	255	999983	FALSE	rmse	TRUE	regression	TRUE	TRUE	FALSE	gbdt	0	-100	-100	0.0186433530599463	0.301526954099222	11	42	0.34333536781418	7.73346983199327	0.602413855745042	18537	63.4058901191037	99.1169960616293	99.1169960616293	114
20251210 041233	3142	435	0	-1	255	999983	FALSE	rmse	TRUE	regression	TRUE	TRUE	FALSE	gbdt	0	-100	-100	0.0185474138692211	0.476842901552759	927	38	2.98053909451857	0.0162672918814625	0.710967777483688	21739	54.2200064403569	94.0147726621053	94.0147726621053	115
20251210 042037	3142	435	0	-1	255	999983	FALSE	rmse	TRUE	regression	TRUE	TRUE	FALSE	gbdt	0	-100	-100	0.039610998286616	0.898375899977011	625	78	3.69498444049	9.95716123820421	0.610196189856967	30417	71.8409673193359	112.341874763083	112.341874763083	116
20251210 042105	3142	435	0	-1	255	999983	FALSE	rmse	TRUE	regression	TRUE	TRUE	FALSE	gbdt	0	-100	-100	0.199508224974156	0.608157045144169	10	46	0.97821969926508	1.60397943661057	0.945526872220817	938	77.7168563082494	110.050815695614	110.050815695614	117
20251210 042135	3142	435	0	-1	255	999983	FALSE	rmse	TRUE	regression	TRUE	TRUE	FALSE	gbdt	0	-100	-100	0.199305993789163	0.795239429297146	14	57	1.74171715293412	9.36906674046133	0.874891199136518	1145	71.785985151807	98.659332848583	98.659332848583	118
20251210 042602	3142	435	0	-1	255	999983	FALSE	rmse	TRUE	regression	TRUE	TRUE	FALSE	gbdt	0	-100	-100	0.0219140736971306	0.564948127493891	665	38	2.70173638292417	5.41523838830981	0.864405867871469	19425	57.594902038995	92.4447429345447	92.4447429345447	119
20251210 042640	3142	435	0	-1	255	999983	FALSE	rmse	TRUE	regression	TRUE	TRUE	FALSE	gbdt	0	-100	-100	0.141940397948124	0.641256755936903	787	57	3.39424287587217	0.0524290159269395	0.663412153480652	1485	78.0248030497062	101.05131603914	101.05131603914	120
20251210 042800	3142	435	0	-1	255	999983	FALSE	rmse	TRUE	regression	TRUE	TRUE	FALSE	gbdt	0	-100	-100	0.198354173364047	0.874189765240937	1397	95	1.95628262049142	0.032453933901858	0.602567700129107	4595	73.7231923313751	104.335449010934	104.335449010934	121
20251210 044626	3142	435	0	-1	255	999983	FALSE	rmse	TRUE	regression	TRUE	TRUE	FALSE	gbdt	0	-100	-100	0.0107430491155725	0.300172177107191	1481	98	2.92618233816647	0.0848799872310277	0.618880135166821	99999	65.3709967048855	103.714764076832	103.714764076832	122
20251210 045020	3142	435	0	-1	255	999983	FALSE	rmse	TRUE	regression	TRUE	TRUE	FALSE	gbdt	0	-100	-100	0.0245795538774461	0.300591831270326	1401	34	0.387442324854908	7.12129615841096	0.901195977574401	16507	54.7885719735671	89.3559194284123	89.3559194284123	123
20251210 045300	3142	435	0	-1	255	999983	FALSE	rmse	TRUE	regression	TRUE	TRUE	FALSE	gbdt	0	-100	-100	0.0357777221269501	0.444957186852242	1500	34	0.138240034438738	9.69203156791411	0.621218505591187	11087	52.8896130068026	89.4489655869325	89.4489655869325	124
20251210 045550	3142	435	0	-1	255	999983	FALSE	rmse	TRUE	regression	TRUE	TRUE	FALSE	gbdt	0	-100	-100	0.0228597749553118	0.300142255685994	1180	36	0.61422896300752	3.22662646399578	0.744759111349968	18489	53.0484074069236	91.9880643551612	91.9880643551612	125
20251210 045638	3142	435	0	-1	255	999983	FALSE	rmse	TRUE	regression	TRUE	TRUE	FALSE	gbdt	0	-100	-100	0.140951023280849	0.769679763406204	12	37	4.86889798082762	7.55346421881367	0.962918475857739	1896	61.3564477870911	98.8855431744893	98.8855431744893	126
20251210 045758	3142	435	0	-1	255	999983	FALSE	rmse	TRUE	regression	TRUE	TRUE	FALSE	gbdt	0	-100	-100	0.0265803109633314	0.302426541314772	1497	24	0.955586271492832	7.05893753256769	0.965093665371136	6307	63.180918887839	99.7177049343643	99.7177049343643	127
20251210 045817	3142	435	0	-1	255	999983	FALSE	rmse	TRUE	regression	TRUE	TRUE	FALSE	gbdt	0	-100	-100	0.12899347316018	0.553828763166907	53	8	3.79369786030496	9.98751166675623	0.673523236560397	357	44.4543225577996	91.7708079774494	91.7708079774494	128
