fecha	cols	rows	min_gain_to_split	max_depth	max_bin	seed	extra_trees	metric	first_metric_only	objective	boost_from_average	force_row_wise	feature_pre_filter	boosting	num_threads	verbosity	verbose	learning_rate	feature_fraction	num_leaves	min_data_in_leaf	lambda_l1	lambda_l2	bagging_fraction	num_iterations	rmse_validate	rmse_test	ganancia	iteracion_bayesiana
20251208 093641	3112	389	0	-1	255	999983	FALSE	rmse	TRUE	regression	TRUE	TRUE	FALSE	gbdt	0	-100	-100	0.119522282329105	0.362005779790759	325	8	3.21357513873539	3.99570562319631	0.888863197624284	474	58.9045814143999	82.8784959562083	82.8784959562083	1
20251208 093859	3112	389	0	-1	255	999983	FALSE	rmse	TRUE	regression	TRUE	TRUE	FALSE	gbdt	0	-100	-100	0.0862685140461794	0.455076599570124	448	191	2.86457601826571	3.86563124118506	0.64143124243045	17854	99.5038221942867	121.333631926286	121.333631926286	2
20251208 094002	3112	389	0	-1	255	999983	FALSE	rmse	TRUE	regression	TRUE	TRUE	FALSE	gbdt	0	-100	-100	0.148441460961143	0.568948191958147	1418	102	4.52048065323782	6.19469018012751	0.755135719301844	4334	91.1824994249346	110.693996033956	110.693996033956	3
20251208 094043	3112	389	0	-1	255	999983	FALSE	rmse	TRUE	regression	TRUE	TRUE	FALSE	gbdt	0	-100	-100	0.134375564789849	0.586204172359846	875	173	1.77711723010621	5.86251101423321	0.813535175788482	4069	101.843196353388	126.120561242005	126.120561242005	4
20251208 094233	3112	389	0	-1	255	999983	FALSE	rmse	TRUE	regression	TRUE	TRUE	FALSE	gbdt	0	-100	-100	0.0806964550888266	0.624750219691279	504	136	3.37903506392779	5.59490385764678	0.777967579536406	10421	92.8006593573782	121.025779739935	121.025779739935	5
20251208 094234	3112	389	0	-1	255	999983	FALSE	rmse	TRUE	regression	TRUE	TRUE	FALSE	gbdt	0	-100	-100	0.155416065019256	0.709098904491735	152	215	4.40483955067715	3.17913620882401	0.663964087595897	1	299.364196700259	274.228600681865	274.228600681865	6
20251208 094353	3112	389	0	-1	255	999983	FALSE	rmse	TRUE	regression	TRUE	TRUE	FALSE	gbdt	0	-100	-100	0.100786378241277	0.422530157596339	1266	115	1.81493379965624	0.990076638824706	0.836382783353994	7631	99.6674196936378	119.044899083097	119.044899083097	7
20251208 094536	3112	389	0	-1	255	999983	FALSE	rmse	TRUE	regression	TRUE	TRUE	FALSE	gbdt	0	-100	-100	0.113266454701495	0.842896876938175	665	120	2.32404920251741	8.77573254185596	0.76452817355083	6686	93.7029062190955	114.185786915933	114.185786915933	8
20251208 100048	3112	389	0	-1	255	999983	FALSE	rmse	TRUE	regression	TRUE	TRUE	FALSE	gbdt	0	-100	-100	0.0346367382071081	0.607318801146799	813	93	0.288935632270295	1.4253498780142	0.866972312291286	53358	84.4341171529725	105.565240821324	105.565240821324	9
20251208 100154	3112	389	0	-1	255	999983	FALSE	rmse	TRUE	regression	TRUE	TRUE	FALSE	gbdt	0	-100	-100	0.0592710187914781	0.396302700598192	733	156	2.06562128529185	5.17020890281336	0.619099985415648	8123	98.6372606922553	122.695549473122	122.695549473122	10
20251208 100235	3112	389	0	-1	255	999983	FALSE	rmse	TRUE	regression	TRUE	TRUE	FALSE	gbdt	0	-100	-100	0.068013344969035	0.517046665578216	923	185	4.21887972762176	2.51131862609847	0.81703252193651	4551	122.041534837254	132.710241861885	132.710241861885	11
20251208 101829	3112	389	0	-1	255	999983	FALSE	rmse	TRUE	regression	TRUE	TRUE	FALSE	gbdt	0	-100	-100	0.0169781741167286	0.737467135028315	254	54	0.499364905616468	8.26039167403776	0.873858862499973	46870	88.4719447466686	121.572619742583	121.572619742583	12
20251208 101832	3112	389	0	-1	255	999983	FALSE	rmse	TRUE	regression	TRUE	TRUE	FALSE	gbdt	0	-100	-100	0.143984689769235	0.813622849738957	790	229	2.68094655716725	1.97474938127146	0.955430757267667	1	299.364196700259	274.228600681865	274.228600681865	13
20251208 101933	3112	389	0	-1	255	999983	FALSE	rmse	TRUE	regression	TRUE	TRUE	FALSE	gbdt	0	-100	-100	0.162177420776653	0.764325957281315	1381	37	0.765503580540618	7.25862991721702	0.728898105051901	2032	72.4029029910945	103.22516635681	103.22516635681	14
20251208 101951	3112	389	0	-1	255	999983	FALSE	rmse	TRUE	regression	TRUE	TRUE	FALSE	gbdt	0	-100	-100	0.176381038006761	0.476623125685312	435	16	3.87997291075798	4.82042191367197	0.604549683390983	544	59.5829228390868	94.3469978230422	94.3469978230422	15
20251208 102014	3112	389	0	-1	255	999983	FALSE	rmse	TRUE	regression	TRUE	TRUE	FALSE	gbdt	0	-100	-100	0.181143801539272	0.319478966664922	591	167	3.58207309053146	0.566721109041412	0.931415427978417	4884	104.153315906381	122.06506073228	122.06506073228	16
20251208 102117	3112	389	0	-1	255	999983	FALSE	rmse	TRUE	regression	TRUE	TRUE	FALSE	gbdt	0	-100	-100	0.0510257185202291	0.82175896071962	1094	23	2.62924935606342	4.61005348022029	0.904133551171981	2895	62.9703754531439	98.7825561405629	98.7825561405629	17
20251208 102120	3112	389	0	-1	255	999983	FALSE	rmse	TRUE	regression	TRUE	TRUE	FALSE	gbdt	0	-100	-100	0.043532772237252	0.88751584779072	1309	203	0.589143312245142	9.10041643032205	0.792243533478385	1	299.364196700259	274.228600681865	274.228600681865	18
20251208 102514	3112	389	0	-1	255	999983	FALSE	rmse	TRUE	regression	TRUE	TRUE	FALSE	gbdt	0	-100	-100	0.0717078474244668	0.663423728838097	1187	143	4.87461141181744	8.15290137318828	0.644475520688242	25467	97.4867340672896	115.913560614082	115.913560614082	19
20251208 102604	3112	389	0	-1	255	999983	FALSE	rmse	TRUE	regression	TRUE	TRUE	FALSE	gbdt	0	-100	-100	0.186926692503787	0.778406972037296	977	59	1.60094655917159	1.54736233392863	0.965462867716061	3125	86.1738678693373	130.729814519337	130.729814519337	20
20251208 102605	3112	389	0	-1	255	999983	FALSE	rmse	TRUE	regression	TRUE	TRUE	FALSE	gbdt	0	-100	-100	0.0470731750099055	0.699498281115666	79	250	1.22711277109504	7.50824113750631	0.971528095296318	1	299.364196700259	274.228600681865	274.228600681865	21
20251208 102700	3112	389	0	-1	255	999983	FALSE	rmse	TRUE	regression	TRUE	TRUE	FALSE	gbdt	0	-100	-100	0.106647074545451	0.324687760642597	62	42	0.89571789123251	6.89768546077955	0.848926344264432	11248	91.5837020489505	131.776712122952	131.776712122952	22
20251208 102740	3112	389	0	-1	255	999983	FALSE	rmse	TRUE	regression	TRUE	TRUE	FALSE	gbdt	0	-100	-100	0.168777852541534	0.384632697317284	1455	79	3.93765177049707	3.48704546507049	0.691576430577386	6335	92.5054675251052	123.855788156888	123.855788156888	23
20251208 102941	3112	389	0	-1	255	999983	FALSE	rmse	TRUE	regression	TRUE	TRUE	FALSE	gbdt	0	-100	-100	0.126473952765477	0.862169972052133	343	146	4.68222209709763	6.77548989728426	0.918741769992214	14131	97.0504513515797	121.402252699891	121.402252699891	24
20251208 102942	3112	389	0	-1	255	999983	FALSE	rmse	TRUE	regression	TRUE	TRUE	FALSE	gbdt	0	-100	-100	0.0964473610116069	0.679432742540458	646	241	0.100688467708616	2.42016222560778	0.677897573242496	25	299.364196700259	274.228600681865	274.228600681865	25
20251208 104938	3112	389	0	-1	255	999983	FALSE	rmse	TRUE	regression	TRUE	TRUE	FALSE	gbdt	0	-100	-100	0.0124130745368477	0.540416713000741	1141	92	1.34913083382084	9.58030102491778	0.995230862568133	99999	82.6077510817315	107.00861219532	107.00861219532	26
20251208 105022	3112	389	0	-1	255	999983	FALSE	rmse	TRUE	regression	TRUE	TRUE	FALSE	gbdt	0	-100	-100	0.196623732854163	0.448260361970668	1026	218	2.159073910651	9.79911338945385	0.707339297278252	1	299.364196700259	274.228600681865	274.228600681865	27
20251208 105501	3112	389	0	-1	255	999983	FALSE	rmse	TRUE	regression	TRUE	TRUE	FALSE	gbdt	0	-100	-100	0.0255829474166135	0.507296367809509	204	73	3.41110014364988	0.324106289689163	0.727802578689131	33794	90.5407199740802	123.517894332109	123.517894332109	28
20251208 105519	3112	389	0	-1	255	999983	FALSE	rmse	TRUE	regression	TRUE	TRUE	FALSE	gbdt	0	-100	-100	0.136563481435783	0.560888190000202	1234	5	1.95007680410999	6.74001922825585	0.788374829445581	267	63.3230446383306	95.4310791087588	95.4310791087588	29
20251208 105533	3112	389	0	-1	255	999983	FALSE	rmse	TRUE	regression	TRUE	TRUE	FALSE	gbdt	0	-100	-100	0.11836176326849	0.748454756355749	51	6	3.98847019777754	1.96749775689086	0.819393252607779	228	66.8021166426367	106.38461856743	106.38461856743	30
20251208 105549	3112	389	0	-1	255	999983	FALSE	rmse	TRUE	regression	TRUE	TRUE	FALSE	gbdt	0	-100	-100	0.0822602050086124	0.300084491363513	1255	12	4.7238237079437	3.16578786291575	0.844714466870831	746	58.6590995448001	78.8747547949129	78.8747547949129	31
20251208 105559	3112	389	0	-1	255	999983	FALSE	rmse	TRUE	regression	TRUE	TRUE	FALSE	gbdt	0	-100	-100	0.166492879799397	0.302056573715793	1193	14	2.34380248077932	0.945699232411476	0.882991683802189	462	58.0688242012153	93.3443049763931	93.3443049763931	32
20251208 105610	3112	389	0	-1	255	999983	FALSE	rmse	TRUE	regression	TRUE	TRUE	FALSE	gbdt	0	-100	-100	0.141719994522885	0.329817585087416	917	12	4.89707348621497	8.84559188769363	0.96290175927479	673	58.6566052207955	80.684170143183	80.684170143183	33
20251208 105655	3112	389	0	-1	255	999983	FALSE	rmse	TRUE	regression	TRUE	TRUE	FALSE	gbdt	0	-100	-100	0.0274421058342452	0.308853511245642	803	12	4.15967484515131	7.34519971340858	0.830983920992533	3383	53.2495516920386	76.0360560898279	76.0360560898279	34
20251208 105721	3112	389	0	-1	255	999983	FALSE	rmse	TRUE	regression	TRUE	TRUE	FALSE	gbdt	0	-100	-100	0.0489321563267975	0.354244946135859	1134	10	3.97253768608312	6.17011913043964	0.998644780448442	1623	55.5052701407356	81.3509714213727	81.3509714213727	35
20251208 105743	3112	389	0	-1	255	999983	FALSE	rmse	TRUE	regression	TRUE	TRUE	FALSE	gbdt	0	-100	-100	0.0796138098599235	0.300075964534718	1463	17	3.93494405922341	9.17049626952994	0.767503337767755	1891	54.6413106388948	91.3952265326468	91.3952265326468	36
20251208 105759	3112	389	0	-1	255	999983	FALSE	rmse	TRUE	regression	TRUE	TRUE	FALSE	gbdt	0	-100	-100	0.0496594651762163	0.302307938049096	700	6	4.99510262957605	5.24433760557007	0.742340238198337	761	60.3192711130522	90.4429644073562	90.4429644073562	37
20251208 105815	3112	389	0	-1	255	999983	FALSE	rmse	TRUE	regression	TRUE	TRUE	FALSE	gbdt	0	-100	-100	0.091195956494129	0.41757496658352	753	13	4.05731151149819	6.12895417694037	0.880211232151113	1000	62.0940517056555	100.088132800992	100.088132800992	38
20251208 105839	3112	389	0	-1	255	999983	FALSE	rmse	TRUE	regression	TRUE	TRUE	FALSE	gbdt	0	-100	-100	0.191878661926005	0.832899650599955	273	12	0.309920758365158	9.04593181912563	0.61189249593576	659	65.755834341265	113.43634223464	113.43634223464	39
20251208 105846	3112	389	0	-1	255	999983	FALSE	rmse	TRUE	regression	TRUE	TRUE	FALSE	gbdt	0	-100	-100	0.178577534830816	0.306525133547624	36	8	3.30176381085959	8.89920186329211	0.845554880601961	443	60.6765010452251	88.8848746160259	88.8848746160259	40
20251208 110006	3112	389	0	-1	255	999983	FALSE	rmse	TRUE	regression	TRUE	TRUE	FALSE	gbdt	0	-100	-100	0.0105220173755934	0.300157933065879	295	11	3.05478270922938	3.03382398072374	0.934876125996232	6887	55.247223287196	78.6283691693128	78.6283691693128	41
20251208 110555	3112	389	0	-1	255	999983	FALSE	rmse	TRUE	regression	TRUE	TRUE	FALSE	gbdt	0	-100	-100	0.0115730780924109	0.696713202286565	1285	20	0.458680784516375	1.93561325370372	0.600422513507706	15582	59.1354956287111	83.2510003608191	83.2510003608191	42
20251208 110616	3112	389	0	-1	255	999983	FALSE	rmse	TRUE	regression	TRUE	TRUE	FALSE	gbdt	0	-100	-100	0.183176985693455	0.703645807482861	1463	11	2.04427810593623	1.63255698179913	0.600042750658166	357	63.7409892411363	100.78547348377	100.78547348377	43
20251208 110806	3112	389	0	-1	255	999983	FALSE	rmse	TRUE	regression	TRUE	TRUE	FALSE	gbdt	0	-100	-100	0.0100903770852396	0.300876874268575	1116	11	1.99164104965306	4.19919295237751	0.651424590060401	8216	54.6718080188621	78.1646040270114	78.1646040270114	44
20251208 111627	3112	389	0	-1	255	999983	FALSE	rmse	TRUE	regression	TRUE	TRUE	FALSE	gbdt	0	-100	-100	0.0100244600066318	0.799802156655747	1129	33	2.6925276016618	1.64800158159835	0.600003365191623	25513	60.2004944031998	91.6759353013793	91.6759353013793	45
20251208 112250	3112	389	0	-1	255	999983	FALSE	rmse	TRUE	regression	TRUE	TRUE	FALSE	gbdt	0	-100	-100	0.0100259488783378	0.798539709886916	1447	9	0.351643366072631	9.60100070282722	0.796426243416429	8921	60.6757482229101	97.0480474157017	97.0480474157017	46
20251208 112423	3112	389	0	-1	255	999983	FALSE	rmse	TRUE	regression	TRUE	TRUE	FALSE	gbdt	0	-100	-100	0.0102446125788658	0.300433018347787	1095	10	3.33967763099789	4.65777615868021	0.810775644211361	7440	56.7980530184422	78.8417140526133	78.8417140526133	47
20251208 112505	3112	389	0	-1	255	999983	FALSE	rmse	TRUE	regression	TRUE	TRUE	FALSE	gbdt	0	-100	-100	0.0268435925735721	0.300363123473573	275	12	0.945985357018389	4.38997364595408	0.60765515093759	3493	57.4120298945018	81.1770671549083	81.1770671549083	48
20251208 112707	3112	389	0	-1	255	999983	FALSE	rmse	TRUE	regression	TRUE	TRUE	FALSE	gbdt	0	-100	-100	0.0112798267056767	0.301385240716433	986	22	4.30851489260823	1.81626551124994	0.605254925973044	16354	60.8328085038989	87.8825462197756	87.8825462197756	49
20251208 115855	3112	389	0	-1	255	999983	FALSE	rmse	TRUE	regression	TRUE	TRUE	FALSE	gbdt	0	-100	-100	0.0100751079835069	0.828214940059156	1478	83	0.541986734842833	7.69334125607119	0.659861700863355	99999	97.1472651077778	126.392109776442	126.392109776442	50
20251208 120021	3112	389	0	-1	255	999983	FALSE	rmse	TRUE	regression	TRUE	TRUE	FALSE	gbdt	0	-100	-100	0.115906786451417	0.300413427562596	326	5	0.946211676410215	3.56455966187862	0.994890207110816	406	64.2153516036449	91.3209888440929	91.3209888440929	51
20251208 120027	3112	389	0	-1	255	999983	FALSE	rmse	TRUE	regression	TRUE	TRUE	FALSE	gbdt	0	-100	-100	0.157497589772678	0.300411345119571	294	11	4.94516400504708	4.14219058003318	0.911904382918115	425	61.4086923361004	86.4914227629515	86.4914227629515	52
20251208 120142	3112	389	0	-1	255	999983	FALSE	rmse	TRUE	regression	TRUE	TRUE	FALSE	gbdt	0	-100	-100	0.0166525326636176	0.301070826608707	319	11	2.75496017664114	9.98345451440717	0.749906162079918	6995	56.5936592837912	80.5681350803361	80.5681350803361	53
20251208 120159	3112	389	0	-1	255	999983	FALSE	rmse	TRUE	regression	TRUE	TRUE	FALSE	gbdt	0	-100	-100	0.0530652911398444	0.317790042093662	340	11	2.81345286937151	1.23675288459618	0.600483088816207	1229	59.7832257476543	79.8802474964881	79.8802474964881	54
20251208 120239	3112	389	0	-1	255	999983	FALSE	rmse	TRUE	regression	TRUE	TRUE	FALSE	gbdt	0	-100	-100	0.0471151780165735	0.570013851455963	233	10	0.625130159332896	2.87931246774832	0.600147181095683	1765	61.3516077911433	89.4740835877063	89.4740835877063	55
20251208 120629	3112	389	0	-1	255	999983	FALSE	rmse	TRUE	regression	TRUE	TRUE	FALSE	gbdt	0	-100	-100	0.0161652032809668	0.696720260337972	1171	24	1.78407151580737	9.32745319860953	0.600296555602196	9762	64.1868719909671	93.0148535021271	93.0148535021271	56
20251208 120641	3112	389	0	-1	255	999983	FALSE	rmse	TRUE	regression	TRUE	TRUE	FALSE	gbdt	0	-100	-100	0.12721060608556	0.325658250359291	983	11	2.00117464889718	4.82526838505587	0.600460643794063	612	56.8838086751809	87.8835936034267	87.8835936034267	57
20251208 120933	3112	389	0	-1	255	999983	FALSE	rmse	TRUE	regression	TRUE	TRUE	FALSE	gbdt	0	-100	-100	0.0290087093314054	0.899448431481506	1276	26	0.00133198190670465	2.04777161736817	0.620744949871307	5237	70.752553593739	104.673964436178	104.673964436178	58
20251208 121359	3112	389	0	-1	255	999983	FALSE	rmse	TRUE	regression	TRUE	TRUE	FALSE	gbdt	0	-100	-100	0.0168769565561788	0.590256850924137	1367	31	0.829588889946438	0.0973039700304904	0.619404410183501	18881	67.9354231412493	96.9725091803252	96.9725091803252	59
20251208 121507	3112	389	0	-1	255	999983	FALSE	rmse	TRUE	regression	TRUE	TRUE	FALSE	gbdt	0	-100	-100	0.0153110107468065	0.336944632073819	62	13	2.30358777970746	2.32516705456202	0.701871723582464	5553	59.9889903091421	87.0643982574454	87.0643982574454	60
20251208 121715	3112	389	0	-1	255	999983	FALSE	rmse	TRUE	regression	TRUE	TRUE	FALSE	gbdt	0	-100	-100	0.0101539970543866	0.62420579145709	1345	5	1.53851061666189	0.0395212714505279	0.601244893615644	3070	69.3394283143529	96.3098756885579	96.3098756885579	61
20251208 121733	3112	389	0	-1	255	999983	FALSE	rmse	TRUE	regression	TRUE	TRUE	FALSE	gbdt	0	-100	-100	0.0690844998202402	0.324660412226286	75	176	4.27676734794693	6.92427216475723	0.617280596209344	4777	111.341005450447	129.458544004945	129.458544004945	62
20251208 121854	3112	389	0	-1	255	999983	FALSE	rmse	TRUE	regression	TRUE	TRUE	FALSE	gbdt	0	-100	-100	0.176929557529667	0.538869257473043	410	96	0.308433972704946	9.9160421127666	0.623730106571717	10222	88.3739148813229	112.554384875175	112.554384875175	63
20251208 121917	3112	389	0	-1	255	999983	FALSE	rmse	TRUE	regression	TRUE	TRUE	FALSE	gbdt	0	-100	-100	0.156443969602614	0.690574255979463	329	28	1.78725131798193	1.98357005747657	0.642734536838688	995	71.8048749257719	110.464327855578	110.464327855578	64
20251208 122013	3112	389	0	-1	255	999983	FALSE	rmse	TRUE	regression	TRUE	TRUE	FALSE	gbdt	0	-100	-100	0.0507210748864731	0.760942636054111	1482	18	4.61983032573451	4.03858964678207	0.60616100284813	2009	60.6787569170503	91.8149937511116	91.8149937511116	65
20251208 123646	3112	389	0	-1	255	999983	FALSE	rmse	TRUE	regression	TRUE	TRUE	FALSE	gbdt	0	-100	-100	0.0101522207865427	0.713991281654091	1460	44	4.98828583097808	4.27438018790143	0.717059702317382	52575	89.8430279940969	132.865975812377	132.865975812377	66
20251208 123858	3112	389	0	-1	255	999983	FALSE	rmse	TRUE	regression	TRUE	TRUE	FALSE	gbdt	0	-100	-100	0.11293762499559	0.786136012482668	110	94	3.92512816978715	8.02417993684059	0.999596095540831	8160	87.1080145023852	108.197390778977	108.197390778977	67
20251208 124255	3112	389	0	-1	255	999983	FALSE	rmse	TRUE	regression	TRUE	TRUE	FALSE	gbdt	0	-100	-100	0.0103643055026013	0.742957503299024	439	12	2.99374157331308	6.35378795250337	0.600979796836672	8645	58.7164062800985	93.6736998852281	93.6736998852281	68
20251208 124651	3112	389	0	-1	255	999983	FALSE	rmse	TRUE	regression	TRUE	TRUE	FALSE	gbdt	0	-100	-100	0.0384567405667408	0.300068262607619	520	98	4.12820902381923	7.87146375869186	0.970688898431108	39293	87.414059297644	104.86106170338	104.86106170338	69
20251208 124731	3112	389	0	-1	255	999983	FALSE	rmse	TRUE	regression	TRUE	TRUE	FALSE	gbdt	0	-100	-100	0.0270246283439049	0.300449634894996	909	11	2.51760991316829	0.701176577387854	0.847564366861197	2380	59.0909291947433	71.1941174449736	71.1941174449736	70
20251208 124904	3112	389	0	-1	255	999983	FALSE	rmse	TRUE	regression	TRUE	TRUE	FALSE	gbdt	0	-100	-100	0.0101310362161709	0.304361847212212	842	14	1.99441056990209	0.282668241124179	0.845041468469258	8000	62.0189970493919	84.3762512764949	84.3762512764949	71
20251208 124933	3112	389	0	-1	255	999983	FALSE	rmse	TRUE	regression	TRUE	TRUE	FALSE	gbdt	0	-100	-100	0.0355351006350433	0.300031211233773	1247	11	3.11962188539289	2.1924664941089	0.817645513891109	1949	58.962811543664	76.4543402213628	76.4543402213628	72
20251208 131316	3112	389	0	-1	255	999983	FALSE	rmse	TRUE	regression	TRUE	TRUE	FALSE	gbdt	0	-100	-100	0.0107037440140206	0.603540379850604	16	108	4.12155655357613	5.63152126841553	0.96419263668462	99993	96.5542184582286	115.411831561922	115.411831561922	73
20251208 131347	3112	389	0	-1	255	999983	FALSE	rmse	TRUE	regression	TRUE	TRUE	FALSE	gbdt	0	-100	-100	0.199378676591818	0.317320880170096	106	92	1.16398972258658	0.279611681399116	0.956235887132666	6094	85.8611433121522	109.173594168641	109.173594168641	74
20251208 131545	3112	389	0	-1	255	999983	FALSE	rmse	TRUE	regression	TRUE	TRUE	FALSE	gbdt	0	-100	-100	0.192717781648481	0.756168333905055	1492	105	0.00519358142255532	9.45727844621068	0.999631465246254	8706	98.6469810751273	111.181510603161	111.181510603161	75
20251208 131624	3112	389	0	-1	255	999983	FALSE	rmse	TRUE	regression	TRUE	TRUE	FALSE	gbdt	0	-100	-100	0.199629897010978	0.449094645426986	1416	144	0.164160196095334	9.87837175863056	0.97474642060042	5903	96.8236139672852	121.673242093196	121.673242093196	76
20251208 131739	3112	389	0	-1	255	999983	FALSE	rmse	TRUE	regression	TRUE	TRUE	FALSE	gbdt	0	-100	-100	0.120866815205363	0.898455899234924	401	104	4.0452994364756	0.0671494391092268	0.625354152873366	5445	89.0446088285135	105.290130365871	105.290130365871	77
20251208 131751	3112	389	0	-1	255	999983	FALSE	rmse	TRUE	regression	TRUE	TRUE	FALSE	gbdt	0	-100	-100	0.150800426954426	0.300098969830896	1262	8	4.75772343422761	9.91934622162267	0.927886298440248	390	67.8588768746004	93.2703935303036	93.2703935303036	78
20251208 132112	3112	389	0	-1	255	999983	FALSE	rmse	TRUE	regression	TRUE	TRUE	FALSE	gbdt	0	-100	-100	0.0573366239372118	0.881259328224799	1499	110	4.95823980759809	1.66450765440092	0.999315774979782	14268	94.5249563325889	113.32338521872	113.32338521872	79
20251208 132250	3112	389	0	-1	255	999983	FALSE	rmse	TRUE	regression	TRUE	TRUE	FALSE	gbdt	0	-100	-100	0.0467281913728967	0.685011796388851	1101	9	0.00409521930963646	0.540221369113034	0.918840559611915	1637	62.3177618875589	86.1277524361461	86.1277524361461	80
20251208 133107	3112	389	0	-1	255	999983	FALSE	rmse	TRUE	regression	TRUE	TRUE	FALSE	gbdt	0	-100	-100	0.0296337955764891	0.300201257779299	964	95	0.13823137637686	3.03043381897239	0.602478437492958	62722	85.7790932605522	104.84692110999	104.84692110999	81
20251208 133151	3112	389	0	-1	255	999983	FALSE	rmse	TRUE	regression	TRUE	TRUE	FALSE	gbdt	0	-100	-100	0.0774878034435879	0.300152658740621	459	25	4.89438484100136	9.86512758126279	0.600540086296721	2192	67.0109771870411	93.1856308839401	93.1856308839401	82
20251208 133312	3112	389	0	-1	255	999983	FALSE	rmse	TRUE	regression	TRUE	TRUE	FALSE	gbdt	0	-100	-100	0.178285160042762	0.773068531290821	1376	143	0.111238484043744	0.00686863267817449	0.688785006482569	8420	96.2169344199617	115.62961313641	115.62961313641	83
20251208 133432	3112	389	0	-1	255	999983	FALSE	rmse	TRUE	regression	TRUE	TRUE	FALSE	gbdt	0	-100	-100	0.199413136151267	0.842449700717657	107	110	0.741388057631915	0.122537453904406	0.99529166223413	6417	104.311774062717	123.378623082127	123.378623082127	84
20251208 133449	3112	389	0	-1	255	999983	FALSE	rmse	TRUE	regression	TRUE	TRUE	FALSE	gbdt	0	-100	-100	0.173147427842018	0.645126142858447	919	9	2.43660716038008	6.5138185252823	0.999490398652324	352	58.4296640712519	85.8480054836881	85.8480054836881	85
20251208 133716	3112	389	0	-1	255	999983	FALSE	rmse	TRUE	regression	TRUE	TRUE	FALSE	gbdt	0	-100	-100	0.0487201845434795	0.358880749551353	11	91	4.96111477950997	4.99921511469857	0.604051911220599	25870	88.4582573707983	109.463996741611	109.463996741611	86
20251208 133825	3112	389	0	-1	255	999983	FALSE	rmse	TRUE	regression	TRUE	TRUE	FALSE	gbdt	0	-100	-100	0.0280949025489858	0.726958919887109	971	5	3.45807271108093	9.0525052433515	0.999986496262615	1727	66.0410620923047	99.0173690219368	99.0173690219368	87
20251208 133859	3112	389	0	-1	255	999983	FALSE	rmse	TRUE	regression	TRUE	TRUE	FALSE	gbdt	0	-100	-100	0.199935417869049	0.59678738886537	26	158	4.50279696044279	0.176743304389331	0.646617963046614	4558	101.932279960909	127.28409192042	127.28409192042	88
20251208 134043	3112	389	0	-1	255	999983	FALSE	rmse	TRUE	regression	TRUE	TRUE	FALSE	gbdt	0	-100	-100	0.194529084697906	0.899818914789398	1015	96	4.95503237465414	9.99163154126936	0.747222388269927	8162	91.8268595323758	110.366267074199	110.366267074199	89
20251208 134130	3112	389	0	-1	255	999983	FALSE	rmse	TRUE	regression	TRUE	TRUE	FALSE	gbdt	0	-100	-100	0.141766744615446	0.655464012981485	1497	12	0.0205168773606475	8.87162409231036	0.999814182888904	888	62.7320405687996	98.0411284255935	98.0411284255935	90
20251208 134150	3112	389	0	-1	255	999983	FALSE	rmse	TRUE	regression	TRUE	TRUE	FALSE	gbdt	0	-100	-100	0.189098919826658	0.301567157158059	754	183	0.00609712516822872	1.17737927169224	0.623320354595004	5331	116.633495289911	127.113864627235	127.113864627235	91
20251208 134223	3112	389	0	-1	255	999983	FALSE	rmse	TRUE	regression	TRUE	TRUE	FALSE	gbdt	0	-100	-100	0.15481147974118	0.301340486685278	22	78	0.134866069827395	9.52918127340235	0.99305218031624	6731	88.7098432906163	116.265176082624	116.265176082624	92
20251208 134231	3112	389	0	-1	255	999983	FALSE	rmse	TRUE	regression	TRUE	TRUE	FALSE	gbdt	0	-100	-100	0.199912844874826	0.524383484121495	506	5	2.1798010950372	1.60751660437812	0.891728831857702	103	55.2631953301326	100.664137080325	100.664137080325	93
20251208 134355	3112	389	0	-1	255	999983	FALSE	rmse	TRUE	regression	TRUE	TRUE	FALSE	gbdt	0	-100	-100	0.038536186145274	0.637147590996704	1043	11	0.853995698022159	7.34302581534005	0.620986312227066	2707	60.8258575573727	90.4147069751683	90.4147069751683	94
20251208 134645	3112	389	0	-1	255	999983	FALSE	rmse	TRUE	regression	TRUE	TRUE	FALSE	gbdt	0	-100	-100	0.198868782336679	0.773583241491789	1492	131	4.64511279572621	3.34971873694887	0.999190359357659	16523	86.5081481584029	113.811647524551	113.811647524551	95
20251208 134824	3112	389	0	-1	255	999983	FALSE	rmse	TRUE	regression	TRUE	TRUE	FALSE	gbdt	0	-100	-100	0.0215470715878031	0.831660771386606	1170	11	2.51624297837745	0.0689151616376731	0.78371439713441	2789	64.1917217661219	75.6439224406286	75.6439224406286	96
20251208 135018	3112	389	0	-1	255	999983	FALSE	rmse	TRUE	regression	TRUE	TRUE	FALSE	gbdt	0	-100	-100	0.020407942710915	0.760262206553532	1020	16	2.35213799028078	0.0152881103631998	0.655529366630838	4269	62.0428473077106	93.8180316390377	93.8180316390377	97
20251208 135122	3112	389	0	-1	255	999983	FALSE	rmse	TRUE	regression	TRUE	TRUE	FALSE	gbdt	0	-100	-100	0.0326974357260896	0.893994409533596	1200	7	1.56797811005968	0.697131471278484	0.913245613619848	1414	65.9091809386508	96.7149351516973	96.7149351516973	98
20251208 135354	3112	389	0	-1	255	999983	FALSE	rmse	TRUE	regression	TRUE	TRUE	FALSE	gbdt	0	-100	-100	0.014320383647974	0.709755612201062	1424	11	3.21691813666076	2.4284818194387	0.963847061756709	4852	59.2341672832571	87.2938148380256	87.2938148380256	99
20251208 135419	3112	389	0	-1	255	999983	FALSE	rmse	TRUE	regression	TRUE	TRUE	FALSE	gbdt	0	-100	-100	0.150936854936164	0.850604613324054	1373	10	4.8872972851125	7.54033232559864	0.712092098131104	472	65.1910473348098	109.073152094308	109.073152094308	100
20251208 135433	3112	389	0	-1	255	999983	FALSE	rmse	TRUE	regression	TRUE	TRUE	FALSE	gbdt	0	-100	-100	0.18383992203999	0.58543943190361	61	10	2.6944407537831	9.72470945740795	0.759457345899398	456	62.7960403152434	103.70808638233	103.70808638233	101
20251208 135442	3112	389	0	-1	255	999983	FALSE	rmse	TRUE	regression	TRUE	TRUE	FALSE	gbdt	0	-100	-100	0.199907393884716	0.302480062700802	584	20	4.92083471101806	7.72962007939799	0.648478052850692	642	56.0409805519528	82.6061743302826	82.6061743302826	102
20251208 135617	3112	389	0	-1	255	999983	FALSE	rmse	TRUE	regression	TRUE	TRUE	FALSE	gbdt	0	-100	-100	0.0113410617932067	0.311447437072663	920	11	1.33408833566631	0.302519919045205	0.721610348771491	5464	57.5479057734516	71.0531262527096	71.0531262527096	103
20251208 135635	3112	389	0	-1	255	999983	FALSE	rmse	TRUE	regression	TRUE	TRUE	FALSE	gbdt	0	-100	-100	0.182942246656633	0.378388715117755	1224	31	4.92557179482893	7.73082673818207	0.851444536179203	1429	68.0415789118155	99.5467447937125	99.5467447937125	104
20251208 135724	3112	389	0	-1	255	999983	FALSE	rmse	TRUE	regression	TRUE	TRUE	FALSE	gbdt	0	-100	-100	0.0173856272995375	0.301801096851872	428	9	2.30926980773715	0.0622652371462587	0.77531914045015	2953	59.6384189871983	67.5971095867494	67.5971095867494	105
20251208 140625	3112	389	0	-1	255	999983	FALSE	rmse	TRUE	regression	TRUE	TRUE	FALSE	gbdt	0	-100	-100	0.0101310317972134	0.830123439369557	1472	34	1.31544480316559	0.335644463340453	0.999659846050538	24184	63.056815679025	87.1995421195299	87.1995421195299	106
20251208 141702	3112	389	0	-1	255	999983	FALSE	rmse	TRUE	regression	TRUE	TRUE	FALSE	gbdt	0	-100	-100	0.0100978280080689	0.847032535214387	443	33	0.52343237844593	9.40569141878915	0.979152133227813	29487	60.0728600644823	92.0868334589715	92.0868334589715	107
20251208 141943	3112	389	0	-1	255	999983	FALSE	rmse	TRUE	regression	TRUE	TRUE	FALSE	gbdt	0	-100	-100	0.0317612558204976	0.885639400339028	1136	33	4.80678937359306	8.44435415054225	0.954595075537439	7996	58.7681992115202	89.9939814106411	89.9939814106411	108
20251208 142117	3112	389	0	-1	255	999983	FALSE	rmse	TRUE	regression	TRUE	TRUE	FALSE	gbdt	0	-100	-100	0.0113768410601375	0.328048200828601	768	11	4.9926988219964	8.77233742890419	0.991292728733458	7498	56.90610022408	81.7386023049776	81.7386023049776	109
20251208 142134	3112	389	0	-1	255	999983	FALSE	rmse	TRUE	regression	TRUE	TRUE	FALSE	gbdt	0	-100	-100	0.173348588692966	0.300254399549684	423	21	0.0661315620474883	9.43877990830127	0.683947150306182	1523	60.3832129816422	85.6897315138391	85.6897315138391	110
20251208 142329	3112	389	0	-1	255	999983	FALSE	rmse	TRUE	regression	TRUE	TRUE	FALSE	gbdt	0	-100	-100	0.0232473327585952	0.351723803329465	1253	33	0.396524898627369	7.14316217891164	0.985195978128197	11699	57.8862868127883	86.2210452002923	86.2210452002923	111
20251208 142416	3112	389	0	-1	255	999983	FALSE	rmse	TRUE	regression	TRUE	TRUE	FALSE	gbdt	0	-100	-100	0.139302048497093	0.859881482072905	1495	129	0.00752835923494091	8.38120913958258	0.607603601790485	4154	89.8575447184577	122.306816816532	122.306816816532	112
20251208 142507	3112	389	0	-1	255	999983	FALSE	rmse	TRUE	regression	TRUE	TRUE	FALSE	gbdt	0	-100	-100	0.194552743545564	0.839138930048892	1496	158	4.78248105702929	7.56143878207249	0.884584016609223	4988	100.382537530607	123.217504869139	123.217504869139	113
20251208 142940	3112	389	0	-1	255	999983	FALSE	rmse	TRUE	regression	TRUE	TRUE	FALSE	gbdt	0	-100	-100	0.0101058199318935	0.315969546436321	868	34	2.23791648112228	9.90560587019212	0.730323236868814	31593	60.0344238641021	87.0746688261399	87.0746688261399	114
20251208 143704	3112	389	0	-1	255	999983	FALSE	rmse	TRUE	regression	TRUE	TRUE	FALSE	gbdt	0	-100	-100	0.0151385390577097	0.301842321010959	1100	66	0.452817071660244	9.95294168749673	0.690709882514698	52330	86.2687772918453	130.033546360615	130.033546360615	115
20251208 150012	3112	389	0	-1	255	999983	FALSE	rmse	TRUE	regression	TRUE	TRUE	FALSE	gbdt	0	-100	-100	0.0107400664897713	0.898733537434572	925	105	0.752905667735485	8.1655238579347	0.671615190885375	81989	86.178820504861	102.604234706243	102.604234706243	116
20251208 153917	3112	389	0	-1	255	999983	FALSE	rmse	TRUE	regression	TRUE	TRUE	FALSE	gbdt	0	-100	-100	0.0104006399338238	0.899698695304834	1327	125	0.687488078816346	0.730677249686036	0.998390914913529	99970	91.8722348480132	113.582046017084	113.582046017084	117
20251208 155056	3112	389	0	-1	255	999983	FALSE	rmse	TRUE	regression	TRUE	TRUE	FALSE	gbdt	0	-100	-100	0.0312942646277809	0.84001728382419	1484	151	0.0979740762995354	0.609875545745037	0.980578165213595	35600	96.6189251923286	121.922007423019	121.922007423019	118
20251208 155434	3112	389	0	-1	255	999983	FALSE	rmse	TRUE	regression	TRUE	TRUE	FALSE	gbdt	0	-100	-100	0.0762158094639742	0.392634806244289	894	125	4.79986784333108	0.13088481502895	0.607697809386414	20197	94.7989472607064	118.611916098276	118.611916098276	119
20251208 155529	3112	389	0	-1	255	999983	FALSE	rmse	TRUE	regression	TRUE	TRUE	FALSE	gbdt	0	-100	-100	0.197561226768564	0.892235987995091	983	33	1.01097340410632	6.71404366608811	0.999704290696867	1514	64.117503061779	97.7998908158845	97.7998908158845	120
20251208 155639	3112	389	0	-1	255	999983	FALSE	rmse	TRUE	regression	TRUE	TRUE	FALSE	gbdt	0	-100	-100	0.192704595928774	0.896814317585547	288	70	3.96911803100856	9.99479041532245	0.877776719111955	3605	86.6437346988277	127.841777022534	127.841777022534	121
20251208 155808	3112	389	0	-1	255	999983	FALSE	rmse	TRUE	regression	TRUE	TRUE	FALSE	gbdt	0	-100	-100	0.0249965263439422	0.300086078760098	489	9	1.56200303152487	7.88454023916268	0.829465487552318	3387	57.3420909946052	78.5526879046341	78.5526879046341	122
20251208 160007	3112	389	0	-1	255	999983	FALSE	rmse	TRUE	regression	TRUE	TRUE	FALSE	gbdt	0	-100	-100	0.0231309997941281	0.300196945418015	487	19	2.25361856033731	8.63124000470334	0.607209530820939	7648	53.1498413105219	79.5933184092017	79.5933184092017	123
20251208 160127	3112	389	0	-1	255	999983	FALSE	rmse	TRUE	regression	TRUE	TRUE	FALSE	gbdt	0	-100	-100	0.0751408047965511	0.704002058245167	687	35	4.96626367818015	0.0631923023788938	0.998972628728545	3170	63.1552662030797	91.7154065663828	91.7154065663828	124
20251208 160157	3112	389	0	-1	255	999983	FALSE	rmse	TRUE	regression	TRUE	TRUE	FALSE	gbdt	0	-100	-100	0.191407976608141	0.300028788560102	63	128	0.00440514689232748	0.842545778002171	0.962383574325665	4391	85.4652768100382	117.746530849631	117.746530849631	125
20251208 161638	3112	389	0	-1	255	999983	FALSE	rmse	TRUE	regression	TRUE	TRUE	FALSE	gbdt	0	-100	-100	0.0102385046215052	0.697246922966332	890	36	0.329091925983299	2.29492565466846	0.994173424080096	32098	68.9010002052467	95.1169896689432	95.1169896689432	126
20251208 162205	3112	389	0	-1	255	999983	FALSE	rmse	TRUE	regression	TRUE	TRUE	FALSE	gbdt	0	-100	-100	0.0204335123566847	0.766240252862414	133	164	0.326674526118367	9.93956258626721	0.983283371460617	27917	100.54088351071	117.762256340162	117.762256340162	127
20251208 163051	3112	389	0	-1	255	999983	FALSE	rmse	TRUE	regression	TRUE	TRUE	FALSE	gbdt	0	-100	-100	0.0100147561680655	0.89783331611401	163	34	4.56606171043458	0.0549055812710222	0.821387200789572	20074	64.1511997915732	89.836011576429	89.836011576429	128
