fecha	cols	rows	min_gain_to_split	max_depth	max_bin	seed	extra_trees	metric	first_metric_only	objective	boost_from_average	force_row_wise	feature_pre_filter	boosting	num_threads	verbosity	verbose	learning_rate	feature_fraction	num_leaves	min_data_in_leaf	lambda_l1	lambda_l2	bagging_fraction	num_iterations	rmse_validate	rmse_test	ganancia	iteracion_bayesiana
20251210 230105	3127	389	0	-1	255	999983	FALSE	rmse	TRUE	regression	TRUE	TRUE	FALSE	gbdt	0	-100	-100	0.119522282329105	0.362005779790759	325	8	3.21357513873539	3.99570562319631	0.888863197624284	474	57.9523852648888	94.8633601729328	94.8633601729328	1
20251210 230238	3127	389	0	-1	255	999983	FALSE	rmse	TRUE	regression	TRUE	TRUE	FALSE	gbdt	0	-100	-100	0.0862685140461794	0.455076599570124	448	191	2.86457601826571	3.86563124118506	0.64143124243045	18542	98.7237726257691	118.740566558527	118.740566558527	2
20251210 230446	3127	389	0	-1	255	999983	FALSE	rmse	TRUE	regression	TRUE	TRUE	FALSE	gbdt	0	-100	-100	0.148441460961143	0.568948191958147	1418	102	4.52048065323782	6.19469018012751	0.755135719301844	14980	92.7783703692211	115.085108719001	115.085108719001	3
20251210 230531	3127	389	0	-1	255	999983	FALSE	rmse	TRUE	regression	TRUE	TRUE	FALSE	gbdt	0	-100	-100	0.134375564789849	0.586204172359846	875	173	1.77711723010621	5.86251101423321	0.813535175788482	7184	111.445547318609	127.413744018646	127.413744018646	4
20251210 231000	3127	389	0	-1	255	999983	FALSE	rmse	TRUE	regression	TRUE	TRUE	FALSE	gbdt	0	-100	-100	0.0806964550888266	0.624750219691279	504	136	3.37903506392779	5.59490385764678	0.777967579536406	30857	94.9921162578115	121.468879125069	121.468879125069	5
20251210 231001	3127	389	0	-1	255	999983	FALSE	rmse	TRUE	regression	TRUE	TRUE	FALSE	gbdt	0	-100	-100	0.155416065019256	0.709098904491735	152	215	4.40483955067715	3.17913620882401	0.663964087595897	5	299.364196700259	274.228600681865	274.228600681865	6
20251210 231056	3127	389	0	-1	255	999983	FALSE	rmse	TRUE	regression	TRUE	TRUE	FALSE	gbdt	0	-100	-100	0.100786378241277	0.422530157596339	1266	115	1.81493379965624	0.990076638824706	0.836382783353994	8754	97.9007933857257	121.346637178502	121.346637178502	7
20251210 231359	3127	389	0	-1	255	999983	FALSE	rmse	TRUE	regression	TRUE	TRUE	FALSE	gbdt	0	-100	-100	0.113266454701495	0.842896876938175	665	120	2.32404920251741	8.77573254185596	0.76452817355083	15752	96.4628689081764	115.1683155131	115.1683155131	8
20251210 232305	3127	389	0	-1	255	999983	FALSE	rmse	TRUE	regression	TRUE	TRUE	FALSE	gbdt	0	-100	-100	0.0346367382071081	0.607318801146799	813	93	0.288935632270295	1.4253498780142	0.866972312291286	41652	84.210844950495	105.543552620182	105.543552620182	9
20251210 232351	3127	389	0	-1	255	999983	FALSE	rmse	TRUE	regression	TRUE	TRUE	FALSE	gbdt	0	-100	-100	0.0592710187914781	0.396302700598192	733	156	2.06562128529185	5.17020890281336	0.619099985415648	10309	101.221631387658	124.948461041593	124.948461041593	10
20251210 232419	3127	389	0	-1	255	999983	FALSE	rmse	TRUE	regression	TRUE	TRUE	FALSE	gbdt	0	-100	-100	0.068013344969035	0.517046665578216	923	185	4.21887972762176	2.51131862609847	0.81703252193651	5263	124.985507084973	133.73310009933	133.73310009933	11
20251210 233657	3127	389	0	-1	255	999983	FALSE	rmse	TRUE	regression	TRUE	TRUE	FALSE	gbdt	0	-100	-100	0.0169781741167286	0.737467135028315	254	54	0.499364905616468	8.26039167403776	0.873858862499973	52132	89.4207677625004	121.132412131546	121.132412131546	12
20251210 233658	3127	389	0	-1	255	999983	FALSE	rmse	TRUE	regression	TRUE	TRUE	FALSE	gbdt	0	-100	-100	0.143984689769235	0.813622849738957	790	229	2.68094655716725	1.97474938127146	0.955430757267667	54	299.364196700259	274.228600681865	274.228600681865	13
20251210 233740	3127	389	0	-1	255	999983	FALSE	rmse	TRUE	regression	TRUE	TRUE	FALSE	gbdt	0	-100	-100	0.162177420776653	0.764325957281315	1381	37	0.765503580540618	7.25862991721702	0.728898105051901	2215	75.3502241146018	115.426516027311	115.426516027311	14
20251210 233751	3127	389	0	-1	255	999983	FALSE	rmse	TRUE	regression	TRUE	TRUE	FALSE	gbdt	0	-100	-100	0.176381038006761	0.476623125685312	435	16	3.87997291075798	4.82042191367197	0.604549683390983	562	54.8558835844877	94.2365770577586	94.2365770577586	15
20251210 233805	3127	389	0	-1	255	999983	FALSE	rmse	TRUE	regression	TRUE	TRUE	FALSE	gbdt	0	-100	-100	0.181143801539272	0.319478966664922	591	167	3.58207309053146	0.566721109041412	0.931415427978417	4254	103.188940146505	124.717647955292	124.717647955292	16
20251210 233906	3127	389	0	-1	255	999983	FALSE	rmse	TRUE	regression	TRUE	TRUE	FALSE	gbdt	0	-100	-100	0.0510257185202291	0.82175896071962	1094	23	2.62924935606342	4.61005348022029	0.904133551171981	2651	63.2654586328957	98.1907699461597	98.1907699461597	17
20251210 233909	3127	389	0	-1	255	999983	FALSE	rmse	TRUE	regression	TRUE	TRUE	FALSE	gbdt	0	-100	-100	0.043532772237252	0.88751584779072	1309	203	0.589143312245142	9.10041643032205	0.792243533478385	2	299.364196700259	274.228600681865	274.228600681865	18
20251210 234110	3127	389	0	-1	255	999983	FALSE	rmse	TRUE	regression	TRUE	TRUE	FALSE	gbdt	0	-100	-100	0.0717078474244668	0.663423728838097	1187	143	4.87461141181744	8.15290137318828	0.644475520688242	13235	98.5079668735597	122.095338311659	122.095338311659	19
20251210 234155	3127	389	0	-1	255	999983	FALSE	rmse	TRUE	regression	TRUE	TRUE	FALSE	gbdt	0	-100	-100	0.186926692503787	0.778406972037296	977	59	1.60094655917159	1.54736233392863	0.965462867716061	2911	94.1310729834199	125.295903714451	125.295903714451	20
20251210 234156	3127	389	0	-1	255	999983	FALSE	rmse	TRUE	regression	TRUE	TRUE	FALSE	gbdt	0	-100	-100	0.0470731750099055	0.699498281115666	79	250	1.22711277109504	7.50824113750631	0.971528095296318	1	299.364196700259	274.228600681865	274.228600681865	21
20251210 234227	3127	389	0	-1	255	999983	FALSE	rmse	TRUE	regression	TRUE	TRUE	FALSE	gbdt	0	-100	-100	0.106647074545451	0.324687760642597	62	42	0.89571789123251	6.89768546077955	0.848926344264432	4978	82.8389857507311	129.413487644084	129.413487644084	22
20251210 234256	3127	389	0	-1	255	999983	FALSE	rmse	TRUE	regression	TRUE	TRUE	FALSE	gbdt	0	-100	-100	0.168777852541534	0.384632697317284	1455	79	3.93765177049707	3.48704546507049	0.691576430577386	4637	97.3620798780548	126.504272350099	126.504272350099	23
20251210 235338	3127	389	0	-1	255	999983	FALSE	rmse	TRUE	regression	TRUE	TRUE	FALSE	gbdt	0	-100	-100	0.126473952765477	0.862169972052133	343	146	4.68222209709763	6.77548989728426	0.918741769992214	66964	98.9276994283819	126.716796136509	126.716796136509	24
20251210 235342	3127	389	0	-1	255	999983	FALSE	rmse	TRUE	regression	TRUE	TRUE	FALSE	gbdt	0	-100	-100	0.0964473610116069	0.679432742540458	646	241	0.100688467708616	2.42016222560778	0.677897573242496	1	299.364196700259	274.228600681865	274.228600681865	25
20251211 001323	3127	389	0	-1	255	999983	FALSE	rmse	TRUE	regression	TRUE	TRUE	FALSE	gbdt	0	-100	-100	0.0124130745368477	0.540416713000741	1141	92	1.34913083382084	9.58030102491778	0.995230862568133	99963	83.3032777249309	106.011472494135	106.011472494135	26
20251211 001359	3127	389	0	-1	255	999983	FALSE	rmse	TRUE	regression	TRUE	TRUE	FALSE	gbdt	0	-100	-100	0.196623732854163	0.448260361970668	1026	218	2.159073910651	9.79911338945385	0.707339297278252	2	299.364196700259	274.228600681865	274.228600681865	27
20251211 001821	3127	389	0	-1	255	999983	FALSE	rmse	TRUE	regression	TRUE	TRUE	FALSE	gbdt	0	-100	-100	0.0255829474166135	0.507296367809509	204	73	3.41110014364988	0.324106289689163	0.727802578689131	25301	89.2644726578331	126.166020873911	126.166020873911	28
20251211 001848	3127	389	0	-1	255	999983	FALSE	rmse	TRUE	regression	TRUE	TRUE	FALSE	gbdt	0	-100	-100	0.106728886163471	0.689150257858228	852	10	3.62884564932018	6.83360614175282	0.743732185239041	729	58.1056041698643	103.830234190571	103.830234190571	29
20251211 001903	3127	389	0	-1	255	999983	FALSE	rmse	TRUE	regression	TRUE	TRUE	FALSE	gbdt	0	-100	-100	0.158409447989206	0.508980380611734	724	18	3.95158019141542	0.0668571566979497	0.879187130242733	664	60.1094202237548	82.4177022786841	82.4177022786841	30
20251211 001920	3127	389	0	-1	255	999983	FALSE	rmse	TRUE	regression	TRUE	TRUE	FALSE	gbdt	0	-100	-100	0.190901581046911	0.700512019901457	372	16	0.871380110429208	0.0959217484192461	0.863410858634657	505	60.8515699260394	101.291539593234	101.291539593234	31
20251211 001941	3127	389	0	-1	255	999983	FALSE	rmse	TRUE	regression	TRUE	TRUE	FALSE	gbdt	0	-100	-100	0.0667984140889966	0.315785559922556	1102	18	3.25190272875617	0.00326753639605422	0.722620092907608	1278	60.77878673824	81.0195754807181	81.0195754807181	32
20251211 001950	3127	389	0	-1	255	999983	FALSE	rmse	TRUE	regression	TRUE	TRUE	FALSE	gbdt	0	-100	-100	0.163598636169671	0.303925599920319	1385	17	3.87647858270182	1.67272102014811	0.851244074238215	526	57.5398606665943	85.6423375008463	85.6423375008463	33
20251211 002006	3127	389	0	-1	255	999983	FALSE	rmse	TRUE	regression	TRUE	TRUE	FALSE	gbdt	0	-100	-100	0.0691072037260402	0.302227818302034	578	18	4.83724300848625	0.784900786984872	0.856004854974719	1272	63.76602980473	90.9485743739227	90.9485743739227	34
20251211 002023	3127	389	0	-1	255	999983	FALSE	rmse	TRUE	regression	TRUE	TRUE	FALSE	gbdt	0	-100	-100	0.124755761897262	0.491664736642723	1212	21	3.30642001459333	0.010211822428012	0.70316733800215	819	56.2182669093289	76.4227484938313	76.4227484938313	35
20251211 002032	3127	389	0	-1	255	999983	FALSE	rmse	TRUE	regression	TRUE	TRUE	FALSE	gbdt	0	-100	-100	0.146575458510796	0.41133604087043	995	8	3.28209080012338	0.00307296329705951	0.646461318008619	271	57.141162380503	83.992840985097	83.992840985097	36
20251211 002042	3127	389	0	-1	255	999983	FALSE	rmse	TRUE	regression	TRUE	TRUE	FALSE	gbdt	0	-100	-100	0.145625334493828	0.371932765371053	869	21	2.45696308990278	0.00294734596857891	0.698399091972818	721	55.7211972359255	79.959059508482	79.959059508482	37
20251211 002115	3127	389	0	-1	255	999983	FALSE	rmse	TRUE	regression	TRUE	TRUE	FALSE	gbdt	0	-100	-100	0.0692219333363474	0.481998211184618	1480	18	0.841735804562844	0.124966746461008	0.601742485219202	1534	55.8631470870185	82.2670163236747	82.2670163236747	38
20251211 002133	3127	389	0	-1	255	999983	FALSE	rmse	TRUE	regression	TRUE	TRUE	FALSE	gbdt	0	-100	-100	0.109937514938695	0.478710861681268	1338	17	2.25190523949923	0.011341989017143	0.758696054248623	778	59.8104973975922	87.8271114543132	87.8271114543132	39
20251211 002228	3127	389	0	-1	255	999983	FALSE	rmse	TRUE	regression	TRUE	TRUE	FALSE	gbdt	0	-100	-100	0.036777036420328	0.393210036325764	1194	26	3.82744943734874	0.00629843561485043	0.601389080694823	5697	65.4537061921511	92.7151621912604	92.7151621912604	40
20251211 002814	3127	389	0	-1	255	999983	FALSE	rmse	TRUE	regression	TRUE	TRUE	FALSE	gbdt	0	-100	-100	0.0212415710027076	0.766593054618058	822	21	0.0041677212563155	0.642900174750043	0.600428703107435	14262	57.0104878321286	81.2236018363182	81.2236018363182	41
20251211 002832	3127	389	0	-1	255	999983	FALSE	rmse	TRUE	regression	TRUE	TRUE	FALSE	gbdt	0	-100	-100	0.161192467979101	0.83647899658846	230	21	4.46515142572154	0.058583466558161	0.672962422337852	592	56.456317992232	78.6000983570886	78.6000983570886	42
20251211 002853	3127	389	0	-1	255	999983	FALSE	rmse	TRUE	regression	TRUE	TRUE	FALSE	gbdt	0	-100	-100	0.12855538050508	0.766956196363233	757	21	3.62686792244944	0.265980569064833	0.624364844013483	779	55.7154587054944	89.0571419892694	89.0571419892694	43
20251211 002905	3127	389	0	-1	255	999983	FALSE	rmse	TRUE	regression	TRUE	TRUE	FALSE	gbdt	0	-100	-100	0.151826367313212	0.51122574933667	26	21	4.59457991081968	0.00981378994027001	0.721386598068504	635	58.2160767000201	80.4217008083002	80.4217008083002	44
20251211 003741	3127	389	0	-1	255	999983	FALSE	rmse	TRUE	regression	TRUE	TRUE	FALSE	gbdt	0	-100	-100	0.0104918707560039	0.40724885921125	1184	21	0.00249734465024638	3.41541990500097	0.669068638917246	35066	52.4269210795565	85.5511374434263	85.5511374434263	45
20251211 003800	3127	389	0	-1	255	999983	FALSE	rmse	TRUE	regression	TRUE	TRUE	FALSE	gbdt	0	-100	-100	0.19628456266187	0.897987149752208	42	22	4.94190142256614	0.0410330094982017	0.828048240666416	530	67.0218184131517	96.3856867067943	96.3856867067943	46
20251211 003951	3127	389	0	-1	255	999983	FALSE	rmse	TRUE	regression	TRUE	TRUE	FALSE	gbdt	0	-100	-100	0.049336357001147	0.641162067783339	205	20	0.0217023781217507	0.0079314503593556	0.659996324142724	4130	56.5215494786023	75.3491948666364	75.3491948666364	47
20251211 004022	3127	389	0	-1	255	999983	FALSE	rmse	TRUE	regression	TRUE	TRUE	FALSE	gbdt	0	-100	-100	0.0474269818647932	0.694635168923892	78	5	0.598207355242283	0.0263635227937595	0.632770947568262	636	68.3895938917758	110.761140565931	110.761140565931	48
20251211 004036	3127	389	0	-1	255	999983	FALSE	rmse	TRUE	regression	TRUE	TRUE	FALSE	gbdt	0	-100	-100	0.116892448983203	0.303955857265338	42	177	4.26616374642682	4.34351380763792	0.603161395724739	3748	114.070318541392	129.288567377965	129.288567377965	49
20251211 004151	3127	389	0	-1	255	999983	FALSE	rmse	TRUE	regression	TRUE	TRUE	FALSE	gbdt	0	-100	-100	0.0543841127525642	0.565377470537495	936	24	0.0260231921041793	0.010746217680848	0.673082894204086	3723	60.1995987456737	97.0900154636382	97.0900154636382	50
20251211 004620	3127	389	0	-1	255	999983	FALSE	rmse	TRUE	regression	TRUE	TRUE	FALSE	gbdt	0	-100	-100	0.0117437690490209	0.846642978806156	139	20	1.1333416868009	3.93788600492016	0.662337825021634	10866	56.1882824343435	87.3405919988341	87.3405919988341	51
20251211 004828	3127	389	0	-1	255	999983	FALSE	rmse	TRUE	regression	TRUE	TRUE	FALSE	gbdt	0	-100	-100	0.187857973187055	0.81619492962877	50	93	0.608139989816591	8.94904208530219	0.960543029305872	10699	85.224445541707	110.670766409047	110.670766409047	52
20251211 005739	3127	389	0	-1	255	999983	FALSE	rmse	TRUE	regression	TRUE	TRUE	FALSE	gbdt	0	-100	-100	0.0150502713849712	0.404828234909124	164	101	0.233224912322582	9.61151105363782	0.600441440153825	70366	86.8518018102165	104.03403225337	104.03403225337	53
20251211 005913	3127	389	0	-1	255	999983	FALSE	rmse	TRUE	regression	TRUE	TRUE	FALSE	gbdt	0	-100	-100	0.0137857934422081	0.453312309487194	1484	20	4.421170152937	0.0144457067508022	0.642120293910887	6273	56.2707136872535	81.3738783684884	81.3738783684884	54
20251211 011602	3127	389	0	-1	255	999983	FALSE	rmse	TRUE	regression	TRUE	TRUE	FALSE	gbdt	0	-100	-100	0.0107841920927852	0.808060461407225	23	103	4.37528400156959	6.0625339120204	0.978372051713728	73249	89.0106973748834	109.213672868977	109.213672868977	55
20251211 011615	3127	389	0	-1	255	999983	FALSE	rmse	TRUE	regression	TRUE	TRUE	FALSE	gbdt	0	-100	-100	0.153764858450296	0.345185691448739	1484	21	4.39179300592935	9.55590555000827	0.722431563086005	916	58.3393819086437	90.5671087836792	90.5671087836792	56
20251211 012935	3127	389	0	-1	255	999983	FALSE	rmse	TRUE	regression	TRUE	TRUE	FALSE	gbdt	0	-100	-100	0.0298762913888892	0.899240776173346	817	90	1.04765362490895	8.21751224962494	0.601016753254847	54935	88.6316437914122	111.256968848228	111.256968848228	57
20251211 012955	3127	389	0	-1	255	999983	FALSE	rmse	TRUE	regression	TRUE	TRUE	FALSE	gbdt	0	-100	-100	0.15508594182589	0.353696385921741	1237	20	4.37306981442136	3.2035069632652	0.680923292876088	893	55.4386845257561	77.5581186367659	77.5581186367659	58
20251211 013144	3127	389	0	-1	255	999983	FALSE	rmse	TRUE	regression	TRUE	TRUE	FALSE	gbdt	0	-100	-100	0.0101029156670441	0.377864266502485	1335	5	3.66446103371984	8.32724978832568	0.998829947167617	5962	63.5534933003883	93.8115616449557	93.8115616449557	59
20251211 013159	3127	389	0	-1	255	999983	FALSE	rmse	TRUE	regression	TRUE	TRUE	FALSE	gbdt	0	-100	-100	0.177841410022687	0.442473198136839	1196	21	4.00555842346791	7.81112388897957	0.998417119270576	786	59.0170686712141	89.8839946336362	89.8839946336362	60
20251211 013942	3127	389	0	-1	255	999983	FALSE	rmse	TRUE	regression	TRUE	TRUE	FALSE	gbdt	0	-100	-100	0.0151068941449531	0.692624675155876	1260	19	0.031125443384634	8.75842980909804	0.602932393004709	17969	54.2340934633369	86.4964367441871	86.4964367441871	61
20251211 014011	3127	389	0	-1	255	999983	FALSE	rmse	TRUE	regression	TRUE	TRUE	FALSE	gbdt	0	-100	-100	0.16639242148643	0.404729893837689	1498	49	4.79655179880654	9.8610339606341	0.9208802772085	3269	85.486377422552	130.681791326831	130.681791326831	62
20251211 014330	3127	389	0	-1	255	999983	FALSE	rmse	TRUE	regression	TRUE	TRUE	FALSE	gbdt	0	-100	-100	0.0101750413608573	0.627856016287413	421	20	3.785833109767	0.0595646240357954	0.999709243239961	8661	59.1755885869186	80.2743815999574	80.2743815999574	63
20251211 014535	3127	389	0	-1	255	999983	FALSE	rmse	TRUE	regression	TRUE	TRUE	FALSE	gbdt	0	-100	-100	0.15657324833332	0.722454326536131	15	106	3.37075349219383	0.00617828839653523	0.600833675851336	10711	98.7134221731503	115.884890065602	115.884890065602	64
20251211 014656	3127	389	0	-1	255	999983	FALSE	rmse	TRUE	regression	TRUE	TRUE	FALSE	gbdt	0	-100	-100	0.0789209235590565	0.330266734682018	16	92	3.60956141721924	9.9884076066179	0.724215065605731	17111	82.805130996306	107.740059546973	107.740059546973	65
20251211 014724	3127	389	0	-1	255	999983	FALSE	rmse	TRUE	regression	TRUE	TRUE	FALSE	gbdt	0	-100	-100	0.0532815530414041	0.434438039780923	1164	20	3.76907045603097	0.487822885440627	0.997089398999097	2153	57.4102732359643	80.22040196571	80.22040196571	66
20251211 014736	3127	389	0	-1	255	999983	FALSE	rmse	TRUE	regression	TRUE	TRUE	FALSE	gbdt	0	-100	-100	0.159088761402856	0.304288455227996	1488	5	1.46655553411315	8.40169229752845	0.611275925865342	315	64.7965706589306	98.2504992619982	98.2504992619982	67
20251211 014900	3127	389	0	-1	255	999983	FALSE	rmse	TRUE	regression	TRUE	TRUE	FALSE	gbdt	0	-100	-100	0.0258679510061955	0.831162008918592	173	20	3.61597252653652	0.0171743759525868	0.601762604371544	3526	59.0930190806303	78.1140958505786	78.1140958505786	68
20251211 015021	3127	389	0	-1	255	999983	FALSE	rmse	TRUE	regression	TRUE	TRUE	FALSE	gbdt	0	-100	-100	0.0245875378401866	0.672451643155864	304	20	4.0252709881923	0.0501281768673774	0.660766321411584	3485	59.4914926855664	79.0807457260314	79.0807457260314	69
20251211 015159	3127	389	0	-1	255	999983	FALSE	rmse	TRUE	regression	TRUE	TRUE	FALSE	gbdt	0	-100	-100	0.128321033212922	0.302238553692515	246	107	1.54714292722679	9.84899253708851	0.995922861524747	22418	93.1319565518657	116.021516595223	116.021516595223	70
20251211 015210	3127	389	0	-1	255	999983	FALSE	rmse	TRUE	regression	TRUE	TRUE	FALSE	gbdt	0	-100	-100	0.130627184199521	0.731423836728553	1140	5	4.99003131666216	0.00833660908883431	0.997917608922855	147	69.8276345514971	126.891507096071	126.891507096071	71
20251211 015501	3127	389	0	-1	255	999983	FALSE	rmse	TRUE	regression	TRUE	TRUE	FALSE	gbdt	0	-100	-100	0.0101236785732814	0.443032358189211	1224	20	3.26169438232304	8.37698869093959	0.988146126657376	13021	55.1987995764928	82.630503694763	82.630503694763	72
20251211 015559	3127	389	0	-1	255	999983	FALSE	rmse	TRUE	regression	TRUE	TRUE	FALSE	gbdt	0	-100	-100	0.0227644132192851	0.337644254033897	1197	10	3.00120583700325	8.78847751082382	0.607943923050671	4500	55.1864289356094	83.8742523243581	83.8742523243581	73
20251211 015829	3127	389	0	-1	255	999983	FALSE	rmse	TRUE	regression	TRUE	TRUE	FALSE	gbdt	0	-100	-100	0.0160194256065927	0.837943371396599	209	20	2.29395000287076	0.0134841358581722	0.687758005604743	6409	60.7258818495746	83.9298572651189	83.9298572651189	74
20251211 020204	3127	389	0	-1	255	999983	FALSE	rmse	TRUE	regression	TRUE	TRUE	FALSE	gbdt	0	-100	-100	0.0137706762764121	0.476027561525384	313	19	0.0474981109401318	0.398612388854476	0.992940070557767	13573	56.5711148484881	80.6455070298895	80.6455070298895	75
20251211 020228	3127	389	0	-1	255	999983	FALSE	rmse	TRUE	regression	TRUE	TRUE	FALSE	gbdt	0	-100	-100	0.168713290035848	0.899247874115103	82	38	4.754583283727	0.223388190753436	0.651304342448595	1248	88.4032918021875	117.951052276946	117.951052276946	76
20251211 020244	3127	389	0	-1	255	999983	FALSE	rmse	TRUE	regression	TRUE	TRUE	FALSE	gbdt	0	-100	-100	0.164469444234167	0.402696875434939	1111	19	0.222838761869344	0.0170445311719963	0.607024705368676	820	57.2161179918798	73.4359590458227	73.4359590458227	77
20251211 020930	3127	389	0	-1	255	999983	FALSE	rmse	TRUE	regression	TRUE	TRUE	FALSE	gbdt	0	-100	-100	0.199703499477089	0.388772992367091	1405	143	0.106933977010172	9.9694534539514	0.954341597821438	55837	101.83014754602	122.453254555551	122.453254555551	78
20251211 021024	3127	389	0	-1	255	999983	FALSE	rmse	TRUE	regression	TRUE	TRUE	FALSE	gbdt	0	-100	-100	0.196550018246084	0.340428305776157	22	69	0.0657972755644463	9.97991350280117	0.602997143882508	5977	83.0875275497878	111.499647881377	111.499647881377	79
20251211 021341	3127	389	0	-1	255	999983	FALSE	rmse	TRUE	regression	TRUE	TRUE	FALSE	gbdt	0	-100	-100	0.017767061309555	0.853297327853953	219	20	3.98171322705181	9.95720952139692	0.999989701471164	10492	55.3220287071316	88.4873145413666	88.4873145413666	80
20251211 022425	3127	389	0	-1	255	999983	FALSE	rmse	TRUE	regression	TRUE	TRUE	FALSE	gbdt	0	-100	-100	0.0135043123921409	0.813804767276767	499	19	0.00541324815247628	9.59940988924781	0.99795776940602	25270	55.5988912808232	85.9055149444584	85.9055149444584	81
20251211 022551	3127	389	0	-1	255	999983	FALSE	rmse	TRUE	regression	TRUE	TRUE	FALSE	gbdt	0	-100	-100	0.0503917793248052	0.36403997501733	1017	12	0.00197892438009483	9.94669158203644	0.912047732270604	4798	53.8840077921391	87.9209418823756	87.9209418823756	82
20251211 023716	3127	389	0	-1	255	999983	FALSE	rmse	TRUE	regression	TRUE	TRUE	FALSE	gbdt	0	-100	-100	0.032614337275728	0.598585501634105	178	79	0.00136329137967104	9.38104777495282	0.910367546223454	54995	99.6232811897069	125.781308859942	125.781308859942	83
20251211 024759	3127	389	0	-1	255	999983	FALSE	rmse	TRUE	regression	TRUE	TRUE	FALSE	gbdt	0	-100	-100	0.0213260356536881	0.875898050557271	1499	107	0.185931844962676	6.69541602145919	0.9187516263934	42116	94.20669704264	112.213382429029	112.213382429029	84
20251211 024827	3127	389	0	-1	255	999983	FALSE	rmse	TRUE	regression	TRUE	TRUE	FALSE	gbdt	0	-100	-100	0.153259919678687	0.385100710076305	492	19	0.376589977405507	0.0193591847019451	0.603053865515879	794	58.6855578563204	75.0803404398968	75.0803404398968	85
20251211 030313	3127	389	0	-1	255	999983	FALSE	rmse	TRUE	regression	TRUE	TRUE	FALSE	gbdt	0	-100	-100	0.022432686350965	0.899273870410779	1220	143	0.0455497970488929	0.60650504423167	0.975481695280448	72551	97.027175873942	120.065763290219	120.065763290219	86
20251211 030459	3127	389	0	-1	255	999983	FALSE	rmse	TRUE	regression	TRUE	TRUE	FALSE	gbdt	0	-100	-100	0.199445203667536	0.601216033188545	1329	96	0.0902736392049507	9.9605876698606	0.601198835217184	5876	87.5708877023723	112.136468218363	112.136468218363	87
20251211 030517	3127	389	0	-1	255	999983	FALSE	rmse	TRUE	regression	TRUE	TRUE	FALSE	gbdt	0	-100	-100	0.151483328328817	0.372490503476024	1080	12	0.0216175624544982	0.526429769006085	0.604667454932774	709	67.7942815144072	85.523489245928	85.523489245928	88
20251211 032012	3127	389	0	-1	255	999983	FALSE	rmse	TRUE	regression	TRUE	TRUE	FALSE	gbdt	0	-100	-100	0.0267164147581209	0.873600317927837	1498	63	0.00259153638878926	7.54922359030413	0.600419768994959	50118	88.0895820426541	131.216735454817	131.216735454817	89
20251211 032101	3127	389	0	-1	255	999983	FALSE	rmse	TRUE	regression	TRUE	TRUE	FALSE	gbdt	0	-100	-100	0.198439182740495	0.30019484473266	43	89	0.182965770112167	3.01235137250727	0.686655152694472	5741	93.2738219644521	113.435385257462	113.435385257462	90
20251211 032130	3127	389	0	-1	255	999983	FALSE	rmse	TRUE	regression	TRUE	TRUE	FALSE	gbdt	0	-100	-100	0.196607631841376	0.860949900466872	1492	132	0.0126071958966077	8.16042110732761	0.602589056452742	2943	96.3264401604608	121.725097050266	121.725097050266	91
20251211 032153	3127	389	0	-1	255	999983	FALSE	rmse	TRUE	regression	TRUE	TRUE	FALSE	gbdt	0	-100	-100	0.151387022893705	0.519473489404363	235	19	0.0151509602556888	0.00917271456015407	0.602279679858579	1180	58.6293337929568	75.5144456085596	75.5144456085596	92
20251211 032204	3127	389	0	-1	255	999983	FALSE	rmse	TRUE	regression	TRUE	TRUE	FALSE	gbdt	0	-100	-100	0.188008161373411	0.302392229336275	612	186	0.158577239924331	1.2573303017118	0.607704565702607	3161	115.059481915194	121.801489395788	121.801489395788	93
20251211 033442	3127	389	0	-1	255	999983	FALSE	rmse	TRUE	regression	TRUE	TRUE	FALSE	gbdt	0	-100	-100	0.0104136890968635	0.301662674605006	1477	97	3.06101451565783	0.0935518097907573	0.619175186866953	81209	86.0888641187762	104.625193653582	104.625193653582	94
20251211 034232	3127	389	0	-1	255	999983	FALSE	rmse	TRUE	regression	TRUE	TRUE	FALSE	gbdt	0	-100	-100	0.0105127145979015	0.646627979361532	1400	34	4.86885763027059	4.38313945523553	0.999650354190218	22673	62.297265825284	88.4527398698312	88.4527398698312	95
20251211 034329	3127	389	0	-1	255	999983	FALSE	rmse	TRUE	regression	TRUE	TRUE	FALSE	gbdt	0	-100	-100	0.0216760999641676	0.30004275974327	393	7	3.87908874957536	9.98374332202928	0.694690565226407	4437	62.4915592942912	84.5129777679525	84.5129777679525	96
20251211 034349	3127	389	0	-1	255	999983	FALSE	rmse	TRUE	regression	TRUE	TRUE	FALSE	gbdt	0	-100	-100	0.153549496744575	0.434096983776074	1400	30	3.97294498269862	0.157221416601194	0.999118320942393	1328	66.9913971468478	97.3157671199548	97.3157671199548	97
20251211 035533	3127	389	0	-1	255	999983	FALSE	rmse	TRUE	regression	TRUE	TRUE	FALSE	gbdt	0	-100	-100	0.0102141487754019	0.311551085912812	46	124	0.261973717009298	6.21394860068346	0.601977236133195	99995	92.4235306870831	112.061142008572	112.061142008572	98
20251211 040001	3127	389	0	-1	255	999983	FALSE	rmse	TRUE	regression	TRUE	TRUE	FALSE	gbdt	0	-100	-100	0.0536661882477462	0.898868252928048	1289	93	4.9146644739868	0.00831035872109911	0.911824800236566	19302	85.1789579876037	108.164352767292	108.164352767292	99
20251211 041347	3127	389	0	-1	255	999983	FALSE	rmse	TRUE	regression	TRUE	TRUE	FALSE	gbdt	0	-100	-100	0.0109305205959617	0.893586506154648	217	34	0.0310991157116084	9.0830065863872	0.999635411683647	42151	61.8278041797572	92.7109309811483	92.7109309811483	100
20251211 041649	3127	389	0	-1	255	999983	FALSE	rmse	TRUE	regression	TRUE	TRUE	FALSE	gbdt	0	-100	-100	0.0284618440367225	0.606811043458713	1087	31	3.95506770681957	9.98781443932836	0.999518347063964	11227	66.778483852279	101.410932742379	101.410932742379	101
20251211 042503	3127	389	0	-1	255	999983	FALSE	rmse	TRUE	regression	TRUE	TRUE	FALSE	gbdt	0	-100	-100	0.0100184606255626	0.881687604504503	364	38	4.20893143220282	0.202347953616964	0.998126172249656	28067	77.8483673999933	100.007214235862	100.007214235862	102
20251211 044855	3127	389	0	-1	255	999983	FALSE	rmse	TRUE	regression	TRUE	TRUE	FALSE	gbdt	0	-100	-100	0.0108093048016699	0.856712496286999	1488	128	1.70962830455341	9.48390899745155	0.997670383802694	99891	90.9526260093509	124.020011790541	124.020011790541	103
20251211 045423	3127	389	0	-1	255	999983	FALSE	rmse	TRUE	regression	TRUE	TRUE	FALSE	gbdt	0	-100	-100	0.199478264321422	0.329525620567797	13	145	0.0818890504011658	0.0322034104688603	0.780009093496057	51709	93.6311262012213	125.897470150543	125.897470150543	104
20251211 045432	3127	389	0	-1	255	999983	FALSE	rmse	TRUE	regression	TRUE	TRUE	FALSE	gbdt	0	-100	-100	0.160120493822086	0.308076669383205	238	9	4.02314810247382	9.94143935591845	0.975901332254455	552	65.8251388301272	95.0189561055468	95.0189561055468	105
20251211 045633	3127	389	0	-1	255	999983	FALSE	rmse	TRUE	regression	TRUE	TRUE	FALSE	gbdt	0	-100	-100	0.0111828584439499	0.300478672142214	164	9	1.08009286919995	9.38740497775333	0.867789038032761	10350	61.887278812309	81.5487174073807	81.5487174073807	106
20251211 045754	3127	389	0	-1	255	999983	FALSE	rmse	TRUE	regression	TRUE	TRUE	FALSE	gbdt	0	-100	-100	0.0204695117025688	0.347786194247071	44	19	1.08017894604652	9.83139982371033	0.669176411050808	8314	52.0804903454034	80.5911674616207	80.5911674616207	107
20251211 045924	3127	389	0	-1	255	999983	FALSE	rmse	TRUE	regression	TRUE	TRUE	FALSE	gbdt	0	-100	-100	0.0158101007801333	0.408868526455718	200	19	0.678992863063865	0.727564965108268	0.600050617997871	6918	57.0103299542053	81.2466721825241	81.2466721825241	108
20251211 050113	3127	389	0	-1	255	999983	FALSE	rmse	TRUE	regression	TRUE	TRUE	FALSE	gbdt	0	-100	-100	0.0220995239190471	0.474728440698276	57	20	0.520623080285484	8.72189564341299	0.996036297099037	8446	55.587633396274	86.4307241527446	86.4307241527446	109
20251211 050236	3127	389	0	-1	255	999983	FALSE	rmse	TRUE	regression	TRUE	TRUE	FALSE	gbdt	0	-100	-100	0.0165067994818983	0.431627007720802	310	11	3.1374260787841	9.97355061479351	0.78292971813742	5952	58.1157586203418	90.4297737168194	90.4297737168194	110
20251211 050346	3127	389	0	-1	255	999983	FALSE	rmse	TRUE	regression	TRUE	TRUE	FALSE	gbdt	0	-100	-100	0.0360883248318113	0.89969243505728	1472	21	4.81013952641397	0.141395372683131	0.995206491486593	2861	55.2722748527776	77.0967411717592	77.0967411717592	111
20251211 050815	3127	389	0	-1	255	999983	FALSE	rmse	TRUE	regression	TRUE	TRUE	FALSE	gbdt	0	-100	-100	0.0109738361847559	0.838724072017367	1260	20	4.23038093092873	6.21047146302065	0.975531319422515	11138	57.1976341257388	87.4515193514932	87.4515193514932	112
20251211 052625	3127	389	0	-1	255	999983	FALSE	rmse	TRUE	regression	TRUE	TRUE	FALSE	gbdt	0	-100	-100	0.0118979037657393	0.835702953119979	97	167	0.0391327456907824	0.0184341599847171	0.602253138846161	99830	100.518862389268	123.976554675546	123.976554675546	113
20251211 054058	3127	389	0	-1	255	999983	FALSE	rmse	TRUE	regression	TRUE	TRUE	FALSE	gbdt	0	-100	-100	0.0159480631196528	0.899334434985449	225	120	0.13970483126201	0.0208353832668421	0.66668981361929	63382	89.9250247681287	109.725502501432	109.725502501432	114
20251211 054133	3127	389	0	-1	255	999983	FALSE	rmse	TRUE	regression	TRUE	TRUE	FALSE	gbdt	0	-100	-100	0.186529030307859	0.872918057874196	1499	158	0.210217013651289	0.14994283292995	0.757742163771283	3189	104.845252637354	120.151949097556	120.151949097556	115
20251211 054358	3127	389	0	-1	255	999983	FALSE	rmse	TRUE	regression	TRUE	TRUE	FALSE	gbdt	0	-100	-100	0.0370103195844291	0.877609275241397	1400	21	0.0523413354476085	0.00365853314112937	0.991738162561946	5725	54.6398454237546	75.0717861016206	75.0717861016206	116
20251211 054835	3127	389	0	-1	255	999983	FALSE	rmse	TRUE	regression	TRUE	TRUE	FALSE	gbdt	0	-100	-100	0.0310513536939564	0.889830751411621	1455	35	0.0298479695995261	0.311750927584694	0.974291798754967	12248	66.6712832406377	92.8421484202135	92.8421484202135	117
20251211 054918	3127	389	0	-1	255	999983	FALSE	rmse	TRUE	regression	TRUE	TRUE	FALSE	gbdt	0	-100	-100	0.198995088098778	0.860159162387649	53	125	3.93909716106937	0.0137512468391826	0.998812514848497	3901	95.5379442185582	122.885656173774	122.885656173774	118
20251211 054935	3127	389	0	-1	255	999983	FALSE	rmse	TRUE	regression	TRUE	TRUE	FALSE	gbdt	0	-100	-100	0.155632250821738	0.811983621106253	29	19	4.79128770466351	0.323364553768228	0.654790955692233	596	61.0255651977144	81.3451371619345	81.3451371619345	119
20251211 055039	3127	389	0	-1	255	999983	FALSE	rmse	TRUE	regression	TRUE	TRUE	FALSE	gbdt	0	-100	-100	0.0188807843540526	0.301437889903964	201	20	4.69321916383646	7.59393518648308	0.633180021908882	8526	53.6045329549517	81.7080190512368	81.7080190512368	120
20251211 055821	3127	389	0	-1	255	999983	FALSE	rmse	TRUE	regression	TRUE	TRUE	FALSE	gbdt	0	-100	-100	0.0100909531827368	0.746119824503883	73	35	4.98938581280182	9.97038449831969	0.624942980961417	27470	66.558609142708	102.432212730817	102.432212730817	121
20251211 055920	3127	389	0	-1	255	999983	FALSE	rmse	TRUE	regression	TRUE	TRUE	FALSE	gbdt	0	-100	-100	0.191386570498939	0.897644500013144	38	85	4.97193931175522	0.365406977504758	0.600824078915844	4391	98.0948739263297	126.538803485509	126.538803485509	122
20251211 060205	3127	389	0	-1	255	999983	FALSE	rmse	TRUE	regression	TRUE	TRUE	FALSE	gbdt	0	-100	-100	0.0361154368859847	0.695999689957426	132	159	0.00412534246129559	9.92670993682454	0.992766162588479	19511	105.178410799584	121.0384899346	121.0384899346	123
20251211 061413	3127	389	0	-1	255	999983	FALSE	rmse	TRUE	regression	TRUE	TRUE	FALSE	gbdt	0	-100	-100	0.0148520995003928	0.321178181196867	895	111	4.91591082079036	8.14615394278454	0.601935500696686	83570	94.7393549916936	114.99260088864	114.99260088864	124
20251211 061520	3127	389	0	-1	255	999983	FALSE	rmse	TRUE	regression	TRUE	TRUE	FALSE	gbdt	0	-100	-100	0.0223585115557688	0.304677507716704	47	9	4.45470115430404	7.66170462118666	0.600645181527864	2965	60.8359357964075	83.4388927118862	83.4388927118862	125
20251211 061545	3127	389	0	-1	255	999983	FALSE	rmse	TRUE	regression	TRUE	TRUE	FALSE	gbdt	0	-100	-100	0.0503768062858029	0.302388382865143	131	20	3.42247254806751	8.57365313423348	0.603519569248447	2861	51.4519673513601	80.1180112214764	80.1180112214764	126
20251211 062213	3127	389	0	-1	255	999983	FALSE	rmse	TRUE	regression	TRUE	TRUE	FALSE	gbdt	0	-100	-100	0.0149098722566106	0.319042925293117	1193	65	4.75851545830736	6.53631077449254	0.998186361426954	45687	86.8387812381553	125.586510878597	125.586510878597	127
20251211 062814	3127	389	0	-1	255	999983	FALSE	rmse	TRUE	regression	TRUE	TRUE	FALSE	gbdt	0	-100	-100	0.0125510539992036	0.323158010154311	1223	20	0.0027437343393792	8.39794526059501	0.982186940077393	26063	53.8660651777643	80.2615850338321	80.2615850338321	128
