fecha	cols	rows	min_gain_to_split	max_depth	max_bin	seed	extra_trees	metric	first_metric_only	objective	boost_from_average	force_row_wise	feature_pre_filter	boosting	num_threads	verbosity	verbose	learning_rate	feature_fraction	num_leaves	min_data_in_leaf	lambda_l1	lambda_l2	bagging_fraction	num_iterations	rmse_validate	rmse_test	ganancia	iteracion_bayesiana
20251211 212119	4298	389	0	-1	255	999983	FALSE	rmse	TRUE	regression	TRUE	TRUE	FALSE	gbdt	0	-100	-100	0.119522282329105	0.362005779790759	325	8	3.21357513873539	3.99570562319631	0.888863197624284	434	73.4055460718553	92.4987136299521	92.4987136299521	1
20251211 212455	4298	389	0	-1	255	999983	FALSE	rmse	TRUE	regression	TRUE	TRUE	FALSE	gbdt	0	-100	-100	0.0862685140461794	0.455076599570124	448	191	2.86457601826571	3.86563124118506	0.64143124243045	29699	110.181809086327	136.073341331493	136.073341331493	2
20251211 212912	4298	389	0	-1	255	999983	FALSE	rmse	TRUE	regression	TRUE	TRUE	FALSE	gbdt	0	-100	-100	0.148441460961143	0.568948191958147	1418	102	4.52048065323782	6.19469018012751	0.755135719301844	19174	93.537545106811	122.362340701584	122.362340701584	3
20251211 212938	4298	389	0	-1	255	999983	FALSE	rmse	TRUE	regression	TRUE	TRUE	FALSE	gbdt	0	-100	-100	0.134375564789849	0.586204172359846	875	173	1.77711723010621	5.86251101423321	0.813535175788482	1776	120.23990813507	137.237380093893	137.237380093893	4
20251211 213243	4298	389	0	-1	255	999983	FALSE	rmse	TRUE	regression	TRUE	TRUE	FALSE	gbdt	0	-100	-100	0.0806964550888266	0.624750219691279	504	136	3.37903506392779	5.59490385764678	0.777967579536406	15968	91.3767792855135	112.173400000588	112.173400000588	5
20251211 213245	4298	389	0	-1	255	999983	FALSE	rmse	TRUE	regression	TRUE	TRUE	FALSE	gbdt	0	-100	-100	0.155416065019256	0.709098904491735	152	215	4.40483955067715	3.17913620882401	0.663964087595897	3	299.364196700259	274.228600681865	274.228600681865	6
20251211 213638	4298	389	0	-1	255	999983	FALSE	rmse	TRUE	regression	TRUE	TRUE	FALSE	gbdt	0	-100	-100	0.100786378241277	0.422530157596339	1266	115	1.81493379965624	0.990076638824706	0.836382783353994	22984	98.3210091036385	117.851349567843	117.851349567843	7
20251211 214207	4298	389	0	-1	255	999983	FALSE	rmse	TRUE	regression	TRUE	TRUE	FALSE	gbdt	0	-100	-100	0.113266454701495	0.842896876938175	665	120	2.32404920251741	8.77573254185596	0.76452817355083	18819	100.374159841344	123.032093266737	123.032093266737	8
20251211 220031	4298	389	0	-1	255	999983	FALSE	rmse	TRUE	regression	TRUE	TRUE	FALSE	gbdt	0	-100	-100	0.0346367382071081	0.607318801146799	813	93	0.288935632270295	1.4253498780142	0.866972312291286	49627	84.3978977807482	108.788631438676	108.788631438676	9
20251211 220134	4298	389	0	-1	255	999983	FALSE	rmse	TRUE	regression	TRUE	TRUE	FALSE	gbdt	0	-100	-100	0.0592710187914781	0.396302700598192	733	156	2.06562128529185	5.17020890281336	0.619099985415648	8354	107.815813924612	126.322143547024	126.322143547024	10
20251211 220308	4298	389	0	-1	255	999983	FALSE	rmse	TRUE	regression	TRUE	TRUE	FALSE	gbdt	0	-100	-100	0.068013344969035	0.517046665578216	923	185	4.21887972762176	2.51131862609847	0.81703252193651	11763	118.479334409602	134.772822105181	134.772822105181	11
20251211 220853	4298	389	0	-1	255	999983	FALSE	rmse	TRUE	regression	TRUE	TRUE	FALSE	gbdt	0	-100	-100	0.0169781741167286	0.737467135028315	254	54	0.499364905616468	8.26039167403776	0.873858862499973	14837	92.6528077007538	124.072620966687	124.072620966687	12
20251211 220855	4298	389	0	-1	255	999983	FALSE	rmse	TRUE	regression	TRUE	TRUE	FALSE	gbdt	0	-100	-100	0.143984689769235	0.813622849738957	790	229	2.68094655716725	1.97474938127146	0.955430757267667	2	299.364196700259	274.228600681865	274.228600681865	13
20251211 220958	4298	389	0	-1	255	999983	FALSE	rmse	TRUE	regression	TRUE	TRUE	FALSE	gbdt	0	-100	-100	0.162177420776653	0.764325957281315	1381	37	0.765503580540618	7.25862991721702	0.728898105051901	1800	84.062556363035	107.683078473353	107.683078473353	14
20251211 221013	4298	389	0	-1	255	999983	FALSE	rmse	TRUE	regression	TRUE	TRUE	FALSE	gbdt	0	-100	-100	0.176381038006761	0.476623125685312	435	16	3.87997291075798	4.82042191367197	0.604549683390983	537	61.2639952219344	101.957258378979	101.957258378979	15
20251211 221024	4298	389	0	-1	255	999983	FALSE	rmse	TRUE	regression	TRUE	TRUE	FALSE	gbdt	0	-100	-100	0.181143801539272	0.319478966664922	591	167	3.58207309053146	0.566721109041412	0.931415427978417	2146	117.100049336756	137.329672677107	137.329672677107	16
20251211 221155	4298	389	0	-1	255	999983	FALSE	rmse	TRUE	regression	TRUE	TRUE	FALSE	gbdt	0	-100	-100	0.0510257185202291	0.82175896071962	1094	23	2.62924935606342	4.61005348022029	0.904133551171981	2945	67.1520902152596	99.3768129731659	99.3768129731659	17
20251211 221201	4298	389	0	-1	255	999983	FALSE	rmse	TRUE	regression	TRUE	TRUE	FALSE	gbdt	0	-100	-100	0.043532772237252	0.88751584779072	1309	203	0.589143312245142	9.10041643032205	0.792243533478385	1	299.364196700259	274.228600681865	274.228600681865	18
20251211 221418	4298	389	0	-1	255	999983	FALSE	rmse	TRUE	regression	TRUE	TRUE	FALSE	gbdt	0	-100	-100	0.0717078474244668	0.663423728838097	1187	143	4.87461141181744	8.15290137318828	0.644475520688242	11079	98.8345074965552	119.286180471536	119.286180471536	19
20251211 221538	4298	389	0	-1	255	999983	FALSE	rmse	TRUE	regression	TRUE	TRUE	FALSE	gbdt	0	-100	-100	0.186926692503787	0.778406972037296	977	59	1.60094655917159	1.54736233392863	0.965462867716061	3988	97.7909595470195	128.073355555839	128.073355555839	20
20251211 221539	4298	389	0	-1	255	999983	FALSE	rmse	TRUE	regression	TRUE	TRUE	FALSE	gbdt	0	-100	-100	0.0470731750099055	0.699498281115666	79	250	1.22711277109504	7.50824113750631	0.971528095296318	2	299.364196700259	274.228600681865	274.228600681865	21
20251211 221600	4298	389	0	-1	255	999983	FALSE	rmse	TRUE	regression	TRUE	TRUE	FALSE	gbdt	0	-100	-100	0.106647074545451	0.324687760642597	62	42	0.89571789123251	6.89768546077955	0.848926344264432	2049	87.5474805128481	123.925050738695	123.925050738695	22
20251211 221716	4298	389	0	-1	255	999983	FALSE	rmse	TRUE	regression	TRUE	TRUE	FALSE	gbdt	0	-100	-100	0.168777852541534	0.384632697317284	1455	79	3.93765177049707	3.48704546507049	0.691576430577386	8851	94.2626779991872	119.104613877545	119.104613877545	23
20251211 221826	4298	389	0	-1	255	999983	FALSE	rmse	TRUE	regression	TRUE	TRUE	FALSE	gbdt	0	-100	-100	0.126473952765477	0.862169972052133	343	146	4.68222209709763	6.77548989728426	0.918741769992214	5698	102.356075335671	124.437142534263	124.437142534263	24
20251211 221827	4298	389	0	-1	255	999983	FALSE	rmse	TRUE	regression	TRUE	TRUE	FALSE	gbdt	0	-100	-100	0.0964473610116069	0.679432742540458	646	241	0.100688467708616	2.42016222560778	0.677897573242496	3	299.364196700259	274.228600681865	274.228600681865	25
20251211 224516	4298	389	0	-1	255	999983	FALSE	rmse	TRUE	regression	TRUE	TRUE	FALSE	gbdt	0	-100	-100	0.0124130745368477	0.540416713000741	1141	92	1.34913083382084	9.58030102491778	0.995230862568133	96810	86.0810610519701	111.118105149825	111.118105149825	26
20251211 224608	4298	389	0	-1	255	999983	FALSE	rmse	TRUE	regression	TRUE	TRUE	FALSE	gbdt	0	-100	-100	0.196623732854163	0.448260361970668	1026	218	2.159073910651	9.79911338945385	0.707339297278252	2	299.364196700259	274.228600681865	274.228600681865	27
20251211 225432	4298	389	0	-1	255	999983	FALSE	rmse	TRUE	regression	TRUE	TRUE	FALSE	gbdt	0	-100	-100	0.0255829474166135	0.507296367809509	204	73	3.41110014364988	0.324106289689163	0.727802578689131	44560	90.8522329869195	113.057237494907	113.057237494907	28
20251211 225458	4298	389	0	-1	255	999983	FALSE	rmse	TRUE	regression	TRUE	TRUE	FALSE	gbdt	0	-100	-100	0.106028839964002	0.466836453456796	1449	9	2.30985597452665	6.15063719127109	0.803210005651665	599	78.5784920163454	101.570582458548	101.570582458548	29
20251211 225523	4298	389	0	-1	255	999983	FALSE	rmse	TRUE	regression	TRUE	TRUE	FALSE	gbdt	0	-100	-100	0.10550473882552	0.756299157107383	345	8	2.2863491434209	1.70846807587197	0.790058625598979	394	79.1244160112523	123.573792623317	123.573792623317	30
20251211 225548	4298	389	0	-1	255	999983	FALSE	rmse	TRUE	regression	TRUE	TRUE	FALSE	gbdt	0	-100	-100	0.0793213703963459	0.334609801116869	962	20	4.97067290354208	4.77278797695161	0.9136812636835	1453	58.3217350387892	86.7912881374272	86.7912881374272	31
20251211 225603	4298	389	0	-1	255	999983	FALSE	rmse	TRUE	regression	TRUE	TRUE	FALSE	gbdt	0	-100	-100	0.170322116744205	0.397753204652818	790	17	3.94681483788134	8.30362239918859	0.99754032899954	697	65.2911256888568	100.572325545731	100.572325545731	32
20251211 225821	4298	389	0	-1	255	999983	FALSE	rmse	TRUE	regression	TRUE	TRUE	FALSE	gbdt	0	-100	-100	0.0149192069075603	0.320207048127036	938	23	3.31498946957308	4.32136825688333	0.767713369022211	13985	60.5946324890959	92.7827927170328	92.7827927170328	33
20251211 225845	4298	389	0	-1	255	999983	FALSE	rmse	TRUE	regression	TRUE	TRUE	FALSE	gbdt	0	-100	-100	0.124176380661069	0.38952757551286	1370	25	3.66649997817844	2.51592124950201	0.884911521181452	1239	64.815904922032	91.5730307598333	91.5730307598333	34
20251211 230049	4298	389	0	-1	255	999983	FALSE	rmse	TRUE	regression	TRUE	TRUE	FALSE	gbdt	0	-100	-100	0.0362446498456723	0.57344121565177	1367	34	4.94298841466653	5.67227744519394	0.861356337649923	5745	65.9635224637495	83.2082859937969	83.2082859937969	35
20251211 230209	4298	389	0	-1	255	999983	FALSE	rmse	TRUE	regression	TRUE	TRUE	FALSE	gbdt	0	-100	-100	0.0606293807084923	0.594968240493415	1467	33	4.99369457284478	4.97645830810812	0.600011849104567	3203	63.4772597342197	89.0636690435973	89.0636690435973	36
20251211 230258	4298	389	0	-1	255	999983	FALSE	rmse	TRUE	regression	TRUE	TRUE	FALSE	gbdt	0	-100	-100	0.0810002673829082	0.537946745905813	1044	29	4.81229274769799	6.1471924041518	0.795714733201689	2074	67.1435541404812	108.961432555018	108.961432555018	37
20251211 230910	4298	389	0	-1	255	999983	FALSE	rmse	TRUE	regression	TRUE	TRUE	FALSE	gbdt	0	-100	-100	0.0112391699138577	0.437906881900136	1491	37	4.20918566244539	3.21847934961556	0.967076137467025	23738	73.3770279194357	100.024445108342	100.024445108342	38
20251211 230959	4298	389	0	-1	255	999983	FALSE	rmse	TRUE	regression	TRUE	TRUE	FALSE	gbdt	0	-100	-100	0.0342867857010581	0.304938893594691	1470	15	4.94501212983989	1.3839358617877	0.825544801058182	2313	61.2452782117136	92.2998733536483	92.2998733536483	39
20251211 232557	4298	389	0	-1	255	999983	FALSE	rmse	TRUE	regression	TRUE	TRUE	FALSE	gbdt	0	-100	-100	0.0104046868872899	0.754854169972634	1497	39	4.988170853247	5.10327667985911	0.716628196510589	36229	77.7776279828719	111.602811055701	111.602811055701	40
20251211 232743	4298	389	0	-1	255	999983	FALSE	rmse	TRUE	regression	TRUE	TRUE	FALSE	gbdt	0	-100	-100	0.034237530574735	0.418879630148395	1416	21	2.44343833266601	6.7764328631569	0.928751580169742	4753	59.2674211253071	91.8722080187774	91.8722080187774	41
20251211 232925	4298	389	0	-1	255	999983	FALSE	rmse	TRUE	regression	TRUE	TRUE	FALSE	gbdt	0	-100	-100	0.0467230547635634	0.617592076884705	1455	22	3.49758969060674	4.39049645703853	0.909666986126047	2840	60.7070427753857	88.1149593663328	88.1149593663328	42
20251211 233005	4298	389	0	-1	255	999983	FALSE	rmse	TRUE	regression	TRUE	TRUE	FALSE	gbdt	0	-100	-100	0.0486896232691175	0.300519968277967	601	16	0.501957457372708	3.77194309808516	0.921518556185956	2539	64.9831407481605	103.1664331123	103.1664331123	43
20251211 233059	4298	389	0	-1	255	999983	FALSE	rmse	TRUE	regression	TRUE	TRUE	FALSE	gbdt	0	-100	-100	0.136198512512424	0.301156727240862	14	87	1.76779321202681	6.29112320965155	0.947639001727923	9223	90.1070401413941	101.00565824424	101.00565824424	44
20251211 234538	4298	389	0	-1	255	999983	FALSE	rmse	TRUE	regression	TRUE	TRUE	FALSE	gbdt	0	-100	-100	0.010953929350172	0.306270668370381	68	100	4.92762594447984	4.00438184682007	0.910273292756543	99999	91.9220825814748	111.647878760019	111.647878760019	45
20251211 234928	4298	389	0	-1	255	999983	FALSE	rmse	TRUE	regression	TRUE	TRUE	FALSE	gbdt	0	-100	-100	0.0364467848879478	0.302010221432104	283	86	0.81854247689755	9.26499676299921	0.603649177654294	34056	87.6757445187894	105.582183063548	105.582183063548	46
20251211 234936	4298	389	0	-1	255	999983	FALSE	rmse	TRUE	regression	TRUE	TRUE	FALSE	gbdt	0	-100	-100	0.168718694050515	0.301691187269217	719	5	4.97490305214301	3.69107511236384	0.918448629517772	179	80.1869857684879	89.6310561911052	89.6310561911052	47
20251211 234945	4298	389	0	-1	255	999983	FALSE	rmse	TRUE	regression	TRUE	TRUE	FALSE	gbdt	0	-100	-100	0.163152812186728	0.30006848943908	103	15	4.9923505678721	2.8992879841247	0.991722195480312	500	68.1716147592428	87.2285424400251	87.2285424400251	48
20251211 235231	4298	389	0	-1	255	999983	FALSE	rmse	TRUE	regression	TRUE	TRUE	FALSE	gbdt	0	-100	-100	0.0333862311447184	0.560310594018779	1479	33	1.88967020873918	4.77341581261335	0.623728221334658	9222	69.5943252966511	97.2073213668134	97.2073213668134	49
20251211 235928	4298	389	0	-1	255	999983	FALSE	rmse	TRUE	regression	TRUE	TRUE	FALSE	gbdt	0	-100	-100	0.0406814987198169	0.898529699999492	58	84	2.77176379402101	7.44346199825209	0.897731007645246	22506	93.633603791449	110.979792384976	110.979792384976	50
20251212 000009	4298	389	0	-1	255	999983	FALSE	rmse	TRUE	regression	TRUE	TRUE	FALSE	gbdt	0	-100	-100	0.0412559917348411	0.30162111434705	1375	22	4.98844539506728	5.08101647573076	0.87615238117065	3129	64.5993599845273	90.289459855838	90.289459855838	51
20251212 000028	4298	389	0	-1	255	999983	FALSE	rmse	TRUE	regression	TRUE	TRUE	FALSE	gbdt	0	-100	-100	0.154801754792068	0.303134217151673	1087	17	3.54025425926269	1.70662286032117	0.928153259042685	759	67.571159433941	88.4546767703355	88.4546767703355	52
20251212 000136	4298	389	0	-1	255	999983	FALSE	rmse	TRUE	regression	TRUE	TRUE	FALSE	gbdt	0	-100	-100	0.0170610400871002	0.305203307911067	679	13	4.57960779313408	3.59622884252857	0.952293585779795	4660	63.4599667770497	93.8614680901728	93.8614680901728	53
20251212 000153	4298	389	0	-1	255	999983	FALSE	rmse	TRUE	regression	TRUE	TRUE	FALSE	gbdt	0	-100	-100	0.101949449406008	0.302310613456011	621	16	4.735269463451	2.27948041889219	0.602052302999576	1170	57.8211972580063	92.34158326203	92.34158326203	54
20251212 000201	4298	389	0	-1	255	999983	FALSE	rmse	TRUE	regression	TRUE	TRUE	FALSE	gbdt	0	-100	-100	0.197483835625166	0.330102758041857	408	16	4.96919629361594	0.552307122197711	0.881933672804094	379	64.2840342141287	86.1723465746965	86.1723465746965	55
20251212 000210	4298	389	0	-1	255	999983	FALSE	rmse	TRUE	regression	TRUE	TRUE	FALSE	gbdt	0	-100	-100	0.183259900617991	0.304021459913168	309	14	4.90669292986739	4.51631456357186	0.85154206800645	472	76.0987174668274	103.985674220119	103.985674220119	56
20251212 000404	4298	389	0	-1	255	999983	FALSE	rmse	TRUE	regression	TRUE	TRUE	FALSE	gbdt	0	-100	-100	0.0170822840162845	0.362692289071904	1161	19	3.8091817303354	0.469957031880497	0.600411863306809	9494	61.0854095251874	86.5098373484456	86.5098373484456	57
20251212 000435	4298	389	0	-1	255	999983	FALSE	rmse	TRUE	regression	TRUE	TRUE	FALSE	gbdt	0	-100	-100	0.0567475678760942	0.363953278787568	218	20	4.41084757038012	0.184810203375376	0.98922595086288	2396	60.1286678847012	86.504043801776	86.504043801776	58
20251212 000443	4298	389	0	-1	255	999983	FALSE	rmse	TRUE	regression	TRUE	TRUE	FALSE	gbdt	0	-100	-100	0.158042709998422	0.373716144186697	444	8	4.91309015552373	0.0239338195602046	0.97975011602039	244	86.8241676110801	96.2173431680575	96.2173431680575	59
20251212 000527	4298	389	0	-1	255	999983	FALSE	rmse	TRUE	regression	TRUE	TRUE	FALSE	gbdt	0	-100	-100	0.0377954881029323	0.320784787419983	114	21	4.64897844575818	0.283019347822548	0.906158331866692	4143	57.5729868886682	91.0644305523346	91.0644305523346	60
20251212 000544	4298	389	0	-1	255	999983	FALSE	rmse	TRUE	regression	TRUE	TRUE	FALSE	gbdt	0	-100	-100	0.198438483889318	0.352299162612336	1459	19	3.62938807787835	0.712032580586469	0.600092631809247	770	58.0148869897999	82.5890416494646	82.5890416494646	61
20251212 000620	4298	389	0	-1	255	999983	FALSE	rmse	TRUE	regression	TRUE	TRUE	FALSE	gbdt	0	-100	-100	0.0316945938278734	0.326467482083824	1146	5	3.34023382836298	4.43770342173961	0.949280745447497	1128	69.227658110725	93.8087236274638	93.8087236274638	62
20251212 000640	4298	389	0	-1	255	999983	FALSE	rmse	TRUE	regression	TRUE	TRUE	FALSE	gbdt	0	-100	-100	0.127782681222589	0.435682272658468	683	19	4.7062001888465	2.17895555228524	0.999907397974315	1111	55.1125283730022	84.0994634074415	84.0994634074415	63
20251212 000709	4298	389	0	-1	255	999983	FALSE	rmse	TRUE	regression	TRUE	TRUE	FALSE	gbdt	0	-100	-100	0.197596300899238	0.564281391463851	1473	34	4.77719344221433	0.802824481401348	0.696196102845341	1332	69.0342955208388	83.444402282115	83.444402282115	64
20251212 000801	4298	389	0	-1	255	999983	FALSE	rmse	TRUE	regression	TRUE	TRUE	FALSE	gbdt	0	-100	-100	0.120829030225512	0.694949487160039	1374	34	4.54265076844028	0.614132933414373	0.949594203467323	1607	71.452015730217	88.8855071948963	88.8855071948963	65
20251212 000822	4298	389	0	-1	255	999983	FALSE	rmse	TRUE	regression	TRUE	TRUE	FALSE	gbdt	0	-100	-100	0.163357947979809	0.471982846458178	1468	21	3.84574440073753	0.78497714812702	0.630625020915248	595	62.0744025028545	83.5035875677869	83.5035875677869	66
20251212 000836	4298	389	0	-1	255	999983	FALSE	rmse	TRUE	regression	TRUE	TRUE	FALSE	gbdt	0	-100	-100	0.19996934286126	0.38266638702878	1310	21	4.99715817505846	0.713128549582271	0.605956481222673	557	64.4464203227147	95.5367806905	95.5367806905	67
20251212 000847	4298	389	0	-1	255	999983	FALSE	rmse	TRUE	regression	TRUE	TRUE	FALSE	gbdt	0	-100	-100	0.196244419583546	0.337494953827011	195	19	2.58923443417206	0.037491130924894	0.652950672161893	465	61.3389949598673	79.7885173360281	79.7885173360281	68
20251212 000915	4298	389	0	-1	255	999983	FALSE	rmse	TRUE	regression	TRUE	TRUE	FALSE	gbdt	0	-100	-100	0.195990727053759	0.579749510662558	1496	34	1.96596696679126	2.97028423915785	0.904008210175054	1015	69.4498946464261	85.6925192520758	85.6925192520758	69
20251212 000933	4298	389	0	-1	255	999983	FALSE	rmse	TRUE	regression	TRUE	TRUE	FALSE	gbdt	0	-100	-100	0.0718714655271212	0.300020323294679	348	5	4.9755575836182	7.98449906659038	0.96681903940641	649	70.7486994568022	92.8598498071055	92.8598498071055	70
20251212 001114	4298	389	0	-1	255	999983	FALSE	rmse	TRUE	regression	TRUE	TRUE	FALSE	gbdt	0	-100	-100	0.156730631741387	0.312951017168068	153	73	0.000517613058989088	9.99406384960804	0.905288225988598	15102	91.7379928586562	112.636963356388	112.636963356388	71
20251212 001425	4298	389	0	-1	255	999983	FALSE	rmse	TRUE	regression	TRUE	TRUE	FALSE	gbdt	0	-100	-100	0.0970561462381658	0.343436020913576	11	105	0.0119602332051208	9.44009188541355	0.910784106169655	26439	95.1607015254932	120.360622149165	120.360622149165	72
20251212 001439	4298	389	0	-1	255	999983	FALSE	rmse	TRUE	regression	TRUE	TRUE	FALSE	gbdt	0	-100	-100	0.147810533322862	0.335122766828704	763	19	2.62654910471732	0.0060295649485735	0.646376249290429	640	58.8378633027355	79.1212715814336	79.1212715814336	73
20251212 001503	4298	389	0	-1	255	999983	FALSE	rmse	TRUE	regression	TRUE	TRUE	FALSE	gbdt	0	-100	-100	0.196080660861597	0.513256756234867	537	34	2.70010454416407	0.522528098686891	0.609088697501671	1571	71.062491032274	87.5414392683638	87.5414392683638	74
20251212 002055	4298	389	0	-1	255	999983	FALSE	rmse	TRUE	regression	TRUE	TRUE	FALSE	gbdt	0	-100	-100	0.0169939689647879	0.31159007544526	372	79	4.98901926822833	9.78367185544914	0.986908666935275	45283	92.0424823297362	110.213765214686	110.213765214686	75
20251212 002954	4298	389	0	-1	255	999983	FALSE	rmse	TRUE	regression	TRUE	TRUE	FALSE	gbdt	0	-100	-100	0.0372622828147062	0.835070262900982	1373	135	0.0043283908415089	0.241437705137848	0.998836392439156	35577	92.0983891326954	111.821334907982	111.821334907982	76
20251212 003034	4298	389	0	-1	255	999983	FALSE	rmse	TRUE	regression	TRUE	TRUE	FALSE	gbdt	0	-100	-100	0.195209959332981	0.328718581308291	1420	135	0.00572322111262257	8.04024160022519	0.916664124777731	3492	96.6688722649087	117.58399657866	117.58399657866	77
20251212 003056	4298	389	0	-1	255	999983	FALSE	rmse	TRUE	regression	TRUE	TRUE	FALSE	gbdt	0	-100	-100	0.199079708391404	0.470949722172156	851	20	0.275229126073149	0.0338866880806018	0.622823736747149	897	61.6552610878238	83.5153034994578	83.5153034994578	78
20251212 003107	4298	389	0	-1	255	999983	FALSE	rmse	TRUE	regression	TRUE	TRUE	FALSE	gbdt	0	-100	-100	0.125623180798883	0.300707640604294	809	5	2.90572518255456	2.39431621235551	0.632252574111059	226	66.8156413034374	87.2343884684425	87.2343884684425	79
20251212 003119	4298	389	0	-1	255	999983	FALSE	rmse	TRUE	regression	TRUE	TRUE	FALSE	gbdt	0	-100	-100	0.198711152611041	0.427279060675313	230	20	1.65794008549925	0.493833266071868	0.908093586690699	519	62.4448566030721	87.7709527647662	87.7709527647662	80
20251212 003140	4298	389	0	-1	255	999983	FALSE	rmse	TRUE	regression	TRUE	TRUE	FALSE	gbdt	0	-100	-100	0.199080146713646	0.355071805835107	1497	35	3.17354033190351	8.8690231758102	0.612735136564408	1270	68.3402943059088	92.060951523432	92.060951523432	81
20251212 003213	4298	389	0	-1	255	999983	FALSE	rmse	TRUE	regression	TRUE	TRUE	FALSE	gbdt	0	-100	-100	0.18148119315683	0.387663551793675	33	62	4.9487384760273	9.14781560121924	0.600122750010773	3729	87.8754723403603	115.285805012579	115.285805012579	82
20251212 003239	4298	389	0	-1	255	999983	FALSE	rmse	TRUE	regression	TRUE	TRUE	FALSE	gbdt	0	-100	-100	0.189906655478743	0.563958309735327	820	35	4.98603843347626	7.80342611075936	0.989502259478456	1180	71.7663230555258	95.435468410503	95.435468410503	83
20251212 003323	4298	389	0	-1	255	999983	FALSE	rmse	TRUE	regression	TRUE	TRUE	FALSE	gbdt	0	-100	-100	0.198969168766837	0.899393421836638	638	139	1.00743563602421	0.628311228933987	0.657294175308249	3382	96.2887385557328	118.207411868667	118.207411868667	84
20251212 003703	4298	389	0	-1	255	999983	FALSE	rmse	TRUE	regression	TRUE	TRUE	FALSE	gbdt	0	-100	-100	0.0200354298204808	0.305825312565749	384	128	0.00857785865145777	3.27450678548971	0.602223377988714	36745	91.8521549838036	115.136226164221	115.136226164221	85
20251212 003907	4298	389	0	-1	255	999983	FALSE	rmse	TRUE	regression	TRUE	TRUE	FALSE	gbdt	0	-100	-100	0.196700274840645	0.651302255386741	17	92	0.640696955129095	1.75332613844903	0.602043455314748	7110	89.2516387177893	115.450742409653	115.450742409653	86
20251212 003932	4298	389	0	-1	255	999983	FALSE	rmse	TRUE	regression	TRUE	TRUE	FALSE	gbdt	0	-100	-100	0.0859307556554873	0.327927795973123	1493	20	1.41379365386167	1.7676696116657	0.606375736056747	1382	61.5450421375857	86.501141410279	86.501141410279	87
20251212 003954	4298	389	0	-1	255	999983	FALSE	rmse	TRUE	regression	TRUE	TRUE	FALSE	gbdt	0	-100	-100	0.188487013689335	0.420707688980125	1496	34	3.11520002407713	0.80324953262521	0.649766969690894	1031	64.779003356768	85.6061227385607	85.6061227385607	88
20251212 004052	4298	389	0	-1	255	999983	FALSE	rmse	TRUE	regression	TRUE	TRUE	FALSE	gbdt	0	-100	-100	0.196919911741198	0.726182874383407	1424	129	4.60611803222011	1.71887928544166	0.99952714970215	3537	92.5715283787707	122.141098603121	122.141098603121	89
20251212 004140	4298	389	0	-1	255	999983	FALSE	rmse	TRUE	regression	TRUE	TRUE	FALSE	gbdt	0	-100	-100	0.196024652012356	0.660504277464307	1500	34	3.99765385984749	6.94750005464081	0.876568789612336	1807	65.1259373651418	82.7075081597907	82.7075081597907	90
20251212 004216	4298	389	0	-1	255	999983	FALSE	rmse	TRUE	regression	TRUE	TRUE	FALSE	gbdt	0	-100	-100	0.197466479473287	0.519231537430248	1496	49	4.29098491144064	9.77539265686522	0.875197148715274	1860	87.7988480426888	125.232229696709	125.232229696709	91
20251212 004453	4298	389	0	-1	255	999983	FALSE	rmse	TRUE	regression	TRUE	TRUE	FALSE	gbdt	0	-100	-100	0.102908323246315	0.44382773900829	29	90	4.99355178611163	9.79450460403273	0.656102374262438	17159	89.3216783034824	108.262684095778	108.262684095778	92
20251212 004518	4298	389	0	-1	255	999983	FALSE	rmse	TRUE	regression	TRUE	TRUE	FALSE	gbdt	0	-100	-100	0.179747512163684	0.306601067769752	18	126	0.226396479274965	0.00320578128729797	0.966992157353071	4789	94.8466459003553	116.509786102268	116.509786102268	93
20251212 005406	4298	389	0	-1	255	999983	FALSE	rmse	TRUE	regression	TRUE	TRUE	FALSE	gbdt	0	-100	-100	0.0104442870799651	0.302461459553366	1018	141	4.98525173013972	0.496959952040375	0.986380644853752	57865	94.9617787485056	113.296802016454	113.296802016454	94
20251212 011550	4298	389	0	-1	255	999983	FALSE	rmse	TRUE	regression	TRUE	TRUE	FALSE	gbdt	0	-100	-100	0.010939349995433	0.300578170215382	1383	90	4.5881537850181	0.873315958493109	0.619017551795954	99999	89.1958038242804	107.615070711148	107.615070711148	95
20251212 011733	4298	389	0	-1	255	999983	FALSE	rmse	TRUE	regression	TRUE	TRUE	FALSE	gbdt	0	-100	-100	0.158890712579265	0.565803273121219	1464	19	2.47386649605025	3.1296681288851	0.609412630136299	846	63.8967816586361	82.9204965095483	82.9204965095483	96
20251212 013546	4298	389	0	-1	255	999983	FALSE	rmse	TRUE	regression	TRUE	TRUE	FALSE	gbdt	0	-100	-100	0.0116552149811676	0.301118691657745	771	123	4.94638912587518	8.01405282170109	0.997040020479916	99988	92.5941537142423	110.228419641655	110.228419641655	97
20251212 013652	4298	389	0	-1	255	999983	FALSE	rmse	TRUE	regression	TRUE	TRUE	FALSE	gbdt	0	-100	-100	0.199876784647543	0.564384547896165	309	34	3.87090145770979	0.0210027855937091	0.941553462697596	1484	66.9211536361446	87.2842223605791	87.2842223605791	98
20251212 013725	4298	389	0	-1	255	999983	FALSE	rmse	TRUE	regression	TRUE	TRUE	FALSE	gbdt	0	-100	-100	0.199757318286982	0.824825439182566	979	34	4.48185711161547	2.01233534868685	0.906186859089037	1030	70.6147365372193	91.6006001852789	91.6006001852789	99
20251212 013844	4298	389	0	-1	255	999983	FALSE	rmse	TRUE	regression	TRUE	TRUE	FALSE	gbdt	0	-100	-100	0.0401127459267824	0.477479132657011	1497	19	3.27325522705449	9.67886099241701	0.604898815023603	3615	59.5892265511226	94.6200605078401	94.6200605078401	100
20251212 014050	4298	389	0	-1	255	999983	FALSE	rmse	TRUE	regression	TRUE	TRUE	FALSE	gbdt	0	-100	-100	0.19271980719133	0.729335077919845	762	88	4.99961989133421	0.0847876980181623	0.991006869632723	6763	94.8741031003263	114.360495638048	114.360495638048	101
20251212 021212	4298	389	0	-1	255	999983	FALSE	rmse	TRUE	regression	TRUE	TRUE	FALSE	gbdt	0	-100	-100	0.010027243625648	0.814295876865065	12	119	4.83933501461866	0.0192833709265249	0.933477558193622	99999	98.6468522854718	118.421507637219	118.421507637219	102
20251212 021348	4298	389	0	-1	255	999983	FALSE	rmse	TRUE	regression	TRUE	TRUE	FALSE	gbdt	0	-100	-100	0.0317264160992963	0.387720517379673	1076	34	3.88723276144158	9.96229101937419	0.951826402055594	7611	65.4801120599756	85.8570372200667	85.8570372200667	103
20251212 021532	4298	389	0	-1	255	999983	FALSE	rmse	TRUE	regression	TRUE	TRUE	FALSE	gbdt	0	-100	-100	0.0677856538373313	0.669771066749098	1496	34	4.02968798810467	5.51689305579151	0.940078989214932	3419	69.6273465578105	88.1411150130653	88.1411150130653	104
20251212 022042	4298	389	0	-1	255	999983	FALSE	rmse	TRUE	regression	TRUE	TRUE	FALSE	gbdt	0	-100	-100	0.0119372458708821	0.332498155565302	389	34	4.98567520081108	8.5942166265679	0.949885816811041	34399	67.1454281257012	87.438695479729	87.438695479729	105
20251212 022251	4298	389	0	-1	255	999983	FALSE	rmse	TRUE	regression	TRUE	TRUE	FALSE	gbdt	0	-100	-100	0.0152674530136602	0.36933724879504	422	19	4.99031670316814	9.55956523979576	0.982960996132883	8941	57.9927437332506	92.5735933305487	92.5735933305487	106
20251212 022409	4298	389	0	-1	255	999983	FALSE	rmse	TRUE	regression	TRUE	TRUE	FALSE	gbdt	0	-100	-100	0.0292967729527659	0.300831570480263	1069	34	4.98205137414088	7.60499277630748	0.874194988885154	7925	67.0810217640987	87.1865969521584	87.1865969521584	107
20251212 022446	4298	389	0	-1	255	999983	FALSE	rmse	TRUE	regression	TRUE	TRUE	FALSE	gbdt	0	-100	-100	0.127790625019754	0.894820018956539	1500	19	4.60087158479924	1.97031303772109	0.910502959596695	784	62.7636305914264	90.4825425962689	90.4825425962689	108
20251212 025212	4298	389	0	-1	255	999983	FALSE	rmse	TRUE	regression	TRUE	TRUE	FALSE	gbdt	0	-100	-100	0.0133716740582976	0.663296904902458	1364	68	2.53360764052462	9.85118932177958	0.600520706789507	64938	85.3005226514472	111.553620205435	111.553620205435	109
20251212 025912	4298	389	0	-1	255	999983	FALSE	rmse	TRUE	regression	TRUE	TRUE	FALSE	gbdt	0	-100	-100	0.019684500128356	0.303035000340885	60	64	2.5527849137712	7.70461674645251	0.993971872923365	50077	85.9270031199413	119.339938944008	119.339938944008	110
20251212 030412	4298	389	0	-1	255	999983	FALSE	rmse	TRUE	regression	TRUE	TRUE	FALSE	gbdt	0	-100	-100	0.0245268194348936	0.725850321928761	23	175	4.9940955247489	0.563266652364583	0.600278500837515	25459	115.223712800039	127.125112741946	127.125112741946	111
20251212 030420	4298	389	0	-1	255	999983	FALSE	rmse	TRUE	regression	TRUE	TRUE	FALSE	gbdt	0	-100	-100	0.199768690763015	0.317387199354206	192	5	0.66288760425377	1.17770002282132	0.716983007295323	197	69.5013561528503	87.9179601710149	87.9179601710149	112
20251212 030434	4298	389	0	-1	255	999983	FALSE	rmse	TRUE	regression	TRUE	TRUE	FALSE	gbdt	0	-100	-100	0.190037344243526	0.40045396406636	723	18	1.43248521391559	0.0037675540384234	0.601491980228856	502	61.1765257582023	92.4925410040589	92.4925410040589	113
20251212 030444	4298	389	0	-1	255	999983	FALSE	rmse	TRUE	regression	TRUE	TRUE	FALSE	gbdt	0	-100	-100	0.198789375797392	0.309540130297853	166	20	3.25932084555567	0.0133679453230181	0.719299894148775	663	61.536677877658	87.0574646499053	87.0574646499053	114
20251212 030508	4298	389	0	-1	255	999983	FALSE	rmse	TRUE	regression	TRUE	TRUE	FALSE	gbdt	0	-100	-100	0.081789167082116	0.30050410346662	373	20	2.81612871667299	1.20996849080631	0.649927448756108	1829	61.5755460223465	84.2440793298708	84.2440793298708	115
20251212 030544	4298	389	0	-1	255	999983	FALSE	rmse	TRUE	regression	TRUE	TRUE	FALSE	gbdt	0	-100	-100	0.0529023853821625	0.30008506345424	890	19	3.15222489891035	0.17014131108189	0.658856127549215	3125	59.5175481059532	87.5959234336554	87.5959234336554	116
20251212 030606	4298	389	0	-1	255	999983	FALSE	rmse	TRUE	regression	TRUE	TRUE	FALSE	gbdt	0	-100	-100	0.144055357417197	0.319059633009999	378	22	0.0134081975257363	0.955596505865718	0.649726392339097	1017	63.9041445039544	91.286585168588	91.286585168588	117
20251212 030622	4298	389	0	-1	255	999983	FALSE	rmse	TRUE	regression	TRUE	TRUE	FALSE	gbdt	0	-100	-100	0.18437688102061	0.323333250194154	50	5	0.0292845779524614	6.09712904573186	0.98072738137161	186	72.0339806794502	93.8444142662344	93.8444142662344	118
20251212 030705	4298	389	0	-1	255	999983	FALSE	rmse	TRUE	regression	TRUE	TRUE	FALSE	gbdt	0	-100	-100	0.167360739637552	0.516369061070368	1493	21	0.0299531169689658	1.62611072299911	0.877628617056159	1478	56.0256245091341	89.5835128607098	89.5835128607098	119
20251212 030811	4298	389	0	-1	255	999983	FALSE	rmse	TRUE	regression	TRUE	TRUE	FALSE	gbdt	0	-100	-100	0.09299485417957	0.847900253009798	1473	21	0.039424148018732	0.0487637904239905	0.67844043096205	1087	60.1473603048172	87.8372049947011	87.8372049947011	120
20251212 030836	4298	389	0	-1	255	999983	FALSE	rmse	TRUE	regression	TRUE	TRUE	FALSE	gbdt	0	-100	-100	0.134779789257824	0.304423767143652	1453	5	0.0396310415702984	2.02128541553465	0.859302804810861	425	73.6017427763778	100.241047117214	100.241047117214	121
20251212 030922	4298	389	0	-1	255	999983	FALSE	rmse	TRUE	regression	TRUE	TRUE	FALSE	gbdt	0	-100	-100	0.199839074613233	0.808388645225552	1453	21	0.0573283758187015	9.36926603563272	0.695232378797651	683	64.5600086846756	95.7640931457935	95.7640931457935	122
20251212 031021	4298	389	0	-1	255	999983	FALSE	rmse	TRUE	regression	TRUE	TRUE	FALSE	gbdt	0	-100	-100	0.199929959585364	0.604057474909203	134	33	0.00835355925479988	7.8523340745363	0.971037768650624	1729	67.6146955311392	103.785184709358	103.785184709358	123
20251212 034323	4298	389	0	-1	255	999983	FALSE	rmse	TRUE	regression	TRUE	TRUE	FALSE	gbdt	0	-100	-100	0.013368859935098	0.741213253287224	1460	80	0.0568360276754306	0.334428742964532	0.60002618552461	80164	90.3587352501554	111.190872501386	111.190872501386	124
20251212 034511	4298	389	0	-1	255	999983	FALSE	rmse	TRUE	regression	TRUE	TRUE	FALSE	gbdt	0	-100	-100	0.198851444683539	0.468633692238851	952	33	0.00383114071170227	0.0748394457255486	0.853444002287187	1662	68.2656172496262	95.5399414938701	95.5399414938701	125
20251212 034855	4298	389	0	-1	255	999983	FALSE	rmse	TRUE	regression	TRUE	TRUE	FALSE	gbdt	0	-100	-100	0.199151233677145	0.806623316751466	1416	86	0.00454592356713728	9.90295984439977	0.861392552762378	11219	95.1964510358018	117.863806331753	117.863806331753	126
20251212 040826	4298	389	0	-1	255	999983	FALSE	rmse	TRUE	regression	TRUE	TRUE	FALSE	gbdt	0	-100	-100	0.0164711820439712	0.301805879541732	1426	145	0.0573302389915629	0.135539769434409	0.798882785012899	99973	95.8206937505278	115.303572259064	115.303572259064	127
20251212 041142	4298	389	0	-1	255	999983	FALSE	rmse	TRUE	regression	TRUE	TRUE	FALSE	gbdt	0	-100	-100	0.137778397234806	0.355556291439758	579	83	0.184841408989332	0.107980077621282	0.999911698972567	10121	95.1549120560056	115.146513616153	115.146513616153	128
