fecha	cols	rows	min_gain_to_split	max_depth	max_bin	seed	extra_trees	metric	first_metric_only	objective	boost_from_average	force_row_wise	feature_pre_filter	boosting	num_threads	verbosity	verbose	learning_rate	feature_fraction	num_leaves	min_data_in_leaf	lambda_l1	lambda_l2	bagging_fraction	num_iterations	rmse_validate	rmse_test	ganancia	iteracion_bayesiana
20251207 182304	3124	435	0	-1	255	999983	FALSE	rmse	TRUE	regression	TRUE	TRUE	FALSE	gbdt	0	-100	-100	0.119522282329105	0.362005779790759	325	8	3.21357513873539	3.99570562319631	0.888863197624284	209	56.4161056322973	93.3416996051764	93.3416996051764	1
20251207 182355	3124	435	0	-1	255	999983	FALSE	rmse	TRUE	regression	TRUE	TRUE	FALSE	gbdt	0	-100	-100	0.0862685140461794	0.455076599570124	448	191	2.86457601826571	3.86563124118506	0.64143124243045	6043	98.4166316024514	129.980137848064	129.980137848064	2
20251207 182808	3124	435	0	-1	255	999983	FALSE	rmse	TRUE	regression	TRUE	TRUE	FALSE	gbdt	0	-100	-100	0.148441460961143	0.568948191958147	1418	102	4.52048065323782	6.19469018012751	0.755135719301844	15905	72.1671959009954	100.992131554641	100.992131554641	3
20251207 182856	3124	435	0	-1	255	999983	FALSE	rmse	TRUE	regression	TRUE	TRUE	FALSE	gbdt	0	-100	-100	0.134375564789849	0.586204172359846	875	173	1.77711723010621	5.86251101423321	0.813535175788482	4369	100.61320460144	126.485763787303	126.485763787303	4
20251207 183122	3124	435	0	-1	255	999983	FALSE	rmse	TRUE	regression	TRUE	TRUE	FALSE	gbdt	0	-100	-100	0.0806964550888266	0.624750219691279	504	136	3.37903506392779	5.59490385764678	0.777967579536406	11053	89.4652576970218	120.78216613472	120.78216613472	5
20251207 183141	3124	435	0	-1	255	999983	FALSE	rmse	TRUE	regression	TRUE	TRUE	FALSE	gbdt	0	-100	-100	0.155416065019256	0.709098904491735	152	215	4.40483955067715	3.17913620882401	0.663964087595897	1604	127.489454125836	134.741094554929	134.741094554929	6
20251207 183743	3124	435	0	-1	255	999983	FALSE	rmse	TRUE	regression	TRUE	TRUE	FALSE	gbdt	0	-100	-100	0.100786378241277	0.422530157596339	1266	115	1.81493379965624	0.990076638824706	0.836382783353994	32154	83.5820439857846	115.324844830238	115.324844830238	7
20251207 184535	3124	435	0	-1	255	999983	FALSE	rmse	TRUE	regression	TRUE	TRUE	FALSE	gbdt	0	-100	-100	0.113266454701495	0.842896876938175	665	120	2.32404920251741	8.77573254185596	0.76452817355083	28188	86.3206060328907	111.721650462505	111.721650462505	8
20251207 185958	3124	435	0	-1	255	999983	FALSE	rmse	TRUE	regression	TRUE	TRUE	FALSE	gbdt	0	-100	-100	0.0346367382071081	0.607318801146799	813	93	0.288935632270295	1.4253498780142	0.866972312291286	44970	78.0961778925753	110.010859851629	110.010859851629	9
20251207 190723	3124	435	0	-1	255	999983	FALSE	rmse	TRUE	regression	TRUE	TRUE	FALSE	gbdt	0	-100	-100	0.0592710187914781	0.396302700598192	733	156	2.06562128529185	5.17020890281336	0.619099985415648	48289	95.6323945068624	127.679918874308	127.679918874308	10
20251207 191015	3124	435	0	-1	255	999983	FALSE	rmse	TRUE	regression	TRUE	TRUE	FALSE	gbdt	0	-100	-100	0.068013344969035	0.517046665578216	923	185	4.21887972762176	2.51131862609847	0.81703252193651	16994	96.4807653180363	129.647880168864	129.647880168864	11
20251207 191517	3124	435	0	-1	255	999983	FALSE	rmse	TRUE	regression	TRUE	TRUE	FALSE	gbdt	0	-100	-100	0.0169781741167286	0.737467135028315	254	54	0.499364905616468	8.26039167403776	0.873858862499973	10181	73.6876955280767	99.2829266433061	99.2829266433061	12
20251207 191518	3124	435	0	-1	255	999983	FALSE	rmse	TRUE	regression	TRUE	TRUE	FALSE	gbdt	0	-100	-100	0.143984689769235	0.813622849738957	790	229	2.68094655716725	1.97474938127146	0.955430757267667	1	274.470777350186	310.644551382509	310.644551382509	13
20251207 191603	3124	435	0	-1	255	999983	FALSE	rmse	TRUE	regression	TRUE	TRUE	FALSE	gbdt	0	-100	-100	0.162177420776653	0.764325957281315	1381	37	0.765503580540618	7.25862991721702	0.728898105051901	998	56.3002731897815	93.5641306088198	93.5641306088198	14
20251207 191619	3124	435	0	-1	255	999983	FALSE	rmse	TRUE	regression	TRUE	TRUE	FALSE	gbdt	0	-100	-100	0.176381038006761	0.476623125685312	435	16	3.87997291075798	4.82042191367197	0.604549683390983	352	85.2118714512991	100.036273595754	100.036273595754	15
20251207 191640	3124	435	0	-1	255	999983	FALSE	rmse	TRUE	regression	TRUE	TRUE	FALSE	gbdt	0	-100	-100	0.181143801539272	0.319478966664922	591	167	3.58207309053146	0.566721109041412	0.931415427978417	3221	98.0124574212271	116.225925860348	116.225925860348	16
20251207 191800	3124	435	0	-1	255	999983	FALSE	rmse	TRUE	regression	TRUE	TRUE	FALSE	gbdt	0	-100	-100	0.0510257185202291	0.82175896071962	1094	23	2.62924935606342	4.61005348022029	0.904133551171981	1632	73.5553869449455	110.473444017031	110.473444017031	17
20251207 191934	3124	435	0	-1	255	999983	FALSE	rmse	TRUE	regression	TRUE	TRUE	FALSE	gbdt	0	-100	-100	0.043532772237252	0.88751584779072	1309	203	0.589143312245142	9.10041643032205	0.792243533478385	7691	106.412651518806	131.964539077274	131.964539077274	18
20251207 192612	3124	435	0	-1	255	999983	FALSE	rmse	TRUE	regression	TRUE	TRUE	FALSE	gbdt	0	-100	-100	0.0717078474244668	0.663423728838097	1187	143	4.87461141181744	8.15290137318828	0.644475520688242	29516	96.1516901345467	125.13102597404	125.13102597404	19
20251207 192651	3124	435	0	-1	255	999983	FALSE	rmse	TRUE	regression	TRUE	TRUE	FALSE	gbdt	0	-100	-100	0.186926692503787	0.778406972037296	977	59	1.60094655917159	1.54736233392863	0.965462867716061	1137	85.3162935386119	101.319027806891	101.319027806891	20
20251207 192653	3124	435	0	-1	255	999983	FALSE	rmse	TRUE	regression	TRUE	TRUE	FALSE	gbdt	0	-100	-100	0.0470731750099055	0.699498281115666	79	250	1.22711277109504	7.50824113750631	0.971528095296318	1	274.470777350186	310.644551382509	310.644551382509	21
20251207 192743	3124	435	0	-1	255	999983	FALSE	rmse	TRUE	regression	TRUE	TRUE	FALSE	gbdt	0	-100	-100	0.106647074545451	0.324687760642597	62	42	0.89571789123251	6.89768546077955	0.848926344264432	3439	66.8530735264982	103.707543772664	103.707543772664	22
20251207 192901	3124	435	0	-1	255	999983	FALSE	rmse	TRUE	regression	TRUE	TRUE	FALSE	gbdt	0	-100	-100	0.168777852541534	0.384632697317284	1455	79	3.93765177049707	3.48704546507049	0.691576430577386	6762	68.7627198728411	107.792125284071	107.792125284071	23
20251207 194308	3124	435	0	-1	255	999983	FALSE	rmse	TRUE	regression	TRUE	TRUE	FALSE	gbdt	0	-100	-100	0.126473952765477	0.862169972052133	343	146	4.68222209709763	6.77548989728426	0.918741769992214	63066	98.4790106000429	126.694748735171	126.694748735171	24
20251207 194314	3124	435	0	-1	255	999983	FALSE	rmse	TRUE	regression	TRUE	TRUE	FALSE	gbdt	0	-100	-100	0.0964473610116069	0.679432742540458	646	241	0.100688467708616	2.42016222560778	0.677897573242496	1	274.470777350186	310.644551382509	310.644551382509	25
20251207 200214	3124	435	0	-1	255	999983	FALSE	rmse	TRUE	regression	TRUE	TRUE	FALSE	gbdt	0	-100	-100	0.0124130745368477	0.540416713000741	1141	92	1.34913083382084	9.58030102491778	0.995230862568133	70801	78.6118705403287	107.612399700341	107.612399700341	26
20251207 200235	3124	435	0	-1	255	999983	FALSE	rmse	TRUE	regression	TRUE	TRUE	FALSE	gbdt	0	-100	-100	0.196623732854163	0.448260361970668	1026	218	2.159073910651	9.79911338945385	0.707339297278252	1	274.470777350186	310.644551382509	310.644551382509	27
20251207 200605	3124	435	0	-1	255	999983	FALSE	rmse	TRUE	regression	TRUE	TRUE	FALSE	gbdt	0	-100	-100	0.0255829474166135	0.507296367809509	204	73	3.41110014364988	0.324106289689163	0.727802578689131	22751	74.196662489446	107.706525357767	107.706525357767	28
20251207 200636	3124	435	0	-1	255	999983	FALSE	rmse	TRUE	regression	TRUE	TRUE	FALSE	gbdt	0	-100	-100	0.136596374086849	0.887770461592932	10	187	4.95494289445536	0.255277584857308	0.602052928771172	3116	100.164993855872	130.162296608434	130.162296608434	29
20251207 200739	3124	435	0	-1	255	999983	FALSE	rmse	TRUE	regression	TRUE	TRUE	FALSE	gbdt	0	-100	-100	0.155212884704028	0.655754647577985	795	52	2.50585294381633	9.71294718392858	0.69689815651387	3393	67.438731571225	105.113671010856	105.113671010856	30
20251207 200757	3124	435	0	-1	255	999983	FALSE	rmse	TRUE	regression	TRUE	TRUE	FALSE	gbdt	0	-100	-100	0.18071759811802	0.609612568956576	513	11	0.689356948158728	4.4845364660997	0.764210510538879	209	87.5893106353469	112.018741453652	112.018741453652	31
20251207 202047	3124	435	0	-1	255	999983	FALSE	rmse	TRUE	regression	TRUE	TRUE	FALSE	gbdt	0	-100	-100	0.0103973767311774	0.89711699984285	1478	179	0.0065294380012859	9.96329510910927	0.886841020460187	63104	96.2785989729161	124.613433657965	124.613433657965	32
20251207 202322	3124	435	0	-1	255	999983	FALSE	rmse	TRUE	regression	TRUE	TRUE	FALSE	gbdt	0	-100	-100	0.0542018834038191	0.493736115407471	1430	55	0.399416302059462	5.14058955547207	0.777781212555803	10899	77.7226226721552	100.301853063035	100.301853063035	33
20251207 202551	3124	435	0	-1	255	999983	FALSE	rmse	TRUE	regression	TRUE	TRUE	FALSE	gbdt	0	-100	-100	0.139866267225612	0.865662571197289	1187	74	0.7755083334791	8.06643763942719	0.725049090472248	8764	70.1868394196661	103.773935690165	103.773935690165	34
20251207 202619	3124	435	0	-1	255	999983	FALSE	rmse	TRUE	regression	TRUE	TRUE	FALSE	gbdt	0	-100	-100	0.158886270819686	0.480786623962185	309	33	3.60958891278774	0.76790465569846	0.924518064800705	2064	68.497437992731	113.616980943845	113.616980943845	35
20251207 202632	3124	435	0	-1	255	999983	FALSE	rmse	TRUE	regression	TRUE	TRUE	FALSE	gbdt	0	-100	-100	0.16552382743458	0.300734513919518	1354	8	3.33397032817214	8.54530005545985	0.772990734247718	347	47.8567858978177	98.8159146361964	98.8159146361964	36
20251207 202921	3124	435	0	-1	255	999983	FALSE	rmse	TRUE	regression	TRUE	TRUE	FALSE	gbdt	0	-100	-100	0.195142539561174	0.685877414781344	237	93	2.8810115080134	5.19199690525359	0.910895155027799	12352	84.1207873599841	109.85053147428	109.85053147428	37
20251207 203007	3124	435	0	-1	255	999983	FALSE	rmse	TRUE	regression	TRUE	TRUE	FALSE	gbdt	0	-100	-100	0.0828145602982593	0.854001449144884	748	46	1.02570609937751	1.31930260257928	0.638558184685484	1577	74.1218496450551	103.611632752127	103.611632752127	38
20251207 203045	3124	435	0	-1	255	999983	FALSE	rmse	TRUE	regression	TRUE	TRUE	FALSE	gbdt	0	-100	-100	0.0236854465207716	0.331934881246043	38	6	3.48567604335927	9.62518243063802	0.692317909851422	1256	57.2204285725656	92.9574779385862	92.9574779385862	39
20251207 203106	3124	435	0	-1	255	999983	FALSE	rmse	TRUE	regression	TRUE	TRUE	FALSE	gbdt	0	-100	-100	0.112474749974202	0.610177288564063	136	5	4.42239641884129	9.64386568679024	0.878932967843322	242	57.7959704086434	90.2292654720247	90.2292654720247	40
20251207 203114	3124	435	0	-1	255	999983	FALSE	rmse	TRUE	regression	TRUE	TRUE	FALSE	gbdt	0	-100	-100	0.189762767600129	0.350229980516735	50	10	3.4304762193001	9.97474003308656	0.952900377232186	202	67.5236014155957	102.332691461216	102.332691461216	41
20251207 203133	3124	435	0	-1	255	999983	FALSE	rmse	TRUE	regression	TRUE	TRUE	FALSE	gbdt	0	-100	-100	0.0427094672990694	0.343574851804352	489	5	4.99617166718127	4.09094841812597	0.759733348596752	669	63.7084284099651	91.3831279269437	91.3831279269437	42
20251207 203153	3124	435	0	-1	255	999983	FALSE	rmse	TRUE	regression	TRUE	TRUE	FALSE	gbdt	0	-100	-100	0.0515359566615652	0.347709726586403	596	13	4.99162750007315	9.80551138004637	0.789665248722361	1126	59.2492375103671	91.1379551596092	91.1379551596092	43
20251207 203243	3124	435	0	-1	255	999983	FALSE	rmse	TRUE	regression	TRUE	TRUE	FALSE	gbdt	0	-100	-100	0.0901429837798751	0.576884507677815	1499	39	4.96984725636957	7.32231059730724	0.722939877041511	3097	55.0534613152204	94.2899972665703	94.2899972665703	44
20251207 203323	3124	435	0	-1	255	999983	FALSE	rmse	TRUE	regression	TRUE	TRUE	FALSE	gbdt	0	-100	-100	0.0470510305694078	0.317229039121305	1267	33	1.34572111521704	9.54932419176971	0.60068198885985	2988	54.4735276532672	89.3935000705919	89.3935000705919	45
20251207 203346	3124	435	0	-1	255	999983	FALSE	rmse	TRUE	regression	TRUE	TRUE	FALSE	gbdt	0	-100	-100	0.101601478475947	0.320918275950931	1498	38	1.16981098960499	9.87758213721758	0.991080047274113	1931	64.8449922835481	96.7437927312343	96.7437927312343	46
20251207 204255	3124	435	0	-1	255	999983	FALSE	rmse	TRUE	regression	TRUE	TRUE	FALSE	gbdt	0	-100	-100	0.0150148510460051	0.753653801965314	11	205	4.99679429537053	3.29460524192178	0.623233484155938	53872	111.047526502748	127.714735030243	127.714735030243	47
20251207 204544	3124	435	0	-1	255	999983	FALSE	rmse	TRUE	regression	TRUE	TRUE	FALSE	gbdt	0	-100	-100	0.0109010913416059	0.30215622934699	1379	37	3.66194363166483	8.29934294757721	0.636025809905043	19611	53.9280012672368	95.6294729172215	95.6294729172215	48
20251207 204603	3124	435	0	-1	255	999983	FALSE	rmse	TRUE	regression	TRUE	TRUE	FALSE	gbdt	0	-100	-100	0.120381807948445	0.3179192438826	1498	32	1.67084554495174	3.95156498969971	0.600124970632249	1115	73.6914166096991	105.490750696673	105.490750696673	49
20251207 204944	3124	435	0	-1	255	999983	FALSE	rmse	TRUE	regression	TRUE	TRUE	FALSE	gbdt	0	-100	-100	0.0404004174011627	0.652081651937302	1190	39	1.59770336668446	9.9330543409978	0.769532444918875	10480	58.8757813428528	96.4918395790064	96.4918395790064	50
20251207 205001	3124	435	0	-1	255	999983	FALSE	rmse	TRUE	regression	TRUE	TRUE	FALSE	gbdt	0	-100	-100	0.0895475448694106	0.430464153134973	829	5	4.5320154758291	8.72624306786268	0.601647284776165	412	58.3698336712605	91.7985521889982	91.7985521889982	51
20251207 205015	3124	435	0	-1	255	999983	FALSE	rmse	TRUE	regression	TRUE	TRUE	FALSE	gbdt	0	-100	-100	0.0939570148408631	0.449865314288177	305	6	4.75558912411279	8.01189401131938	0.711527940648285	288	54.5767170123835	89.986222777483	89.986222777483	52
20251207 205215	3124	435	0	-1	255	999983	FALSE	rmse	TRUE	regression	TRUE	TRUE	FALSE	gbdt	0	-100	-100	0.0711912600427412	0.878991764293192	1460	69	4.95709276721978	5.09946410942788	0.998953382401404	6063	86.358207457609	111.596088915263	111.596088915263	53
20251207 205340	3124	435	0	-1	255	999983	FALSE	rmse	TRUE	regression	TRUE	TRUE	FALSE	gbdt	0	-100	-100	0.0390338826936105	0.748609047871974	26	29	4.97832424123996	9.15982322307061	0.600619067906764	3422	62.5630117714056	97.0654018956631	97.0654018956631	54
20251207 205651	3124	435	0	-1	255	999983	FALSE	rmse	TRUE	regression	TRUE	TRUE	FALSE	gbdt	0	-100	-100	0.0117592400520651	0.362212011966685	412	27	0.665450295375629	9.66274353192325	0.600118464851947	16318	62.3873800881537	94.5356532343457	94.5356532343457	55
20251207 205706	3124	435	0	-1	255	999983	FALSE	rmse	TRUE	regression	TRUE	TRUE	FALSE	gbdt	0	-100	-100	0.118857066092939	0.34761646307016	1141	27	4.98740017970533	9.99240679915639	0.664760779473156	877	68.228492316995	103.173345451498	103.173345451498	56
20251207 205825	3124	435	0	-1	255	999983	FALSE	rmse	TRUE	regression	TRUE	TRUE	FALSE	gbdt	0	-100	-100	0.0237926681655	0.54143804187579	1497	14	1.13260437028708	9.98058959723329	0.600251561420512	2371	61.0470360053299	96.17676305496	96.17676305496	57
20251207 205936	3124	435	0	-1	255	999983	FALSE	rmse	TRUE	regression	TRUE	TRUE	FALSE	gbdt	0	-100	-100	0.0231906095235661	0.642235442313702	110	10	4.51923594441697	6.15486402927282	0.892782704434524	1491	70.7653761615467	92.1042431802036	92.1042431802036	58
20251207 210027	3124	435	0	-1	255	999983	FALSE	rmse	TRUE	regression	TRUE	TRUE	FALSE	gbdt	0	-100	-100	0.0404056653688888	0.89749100362652	413	8	3.97603253365194	9.67760959060488	0.602805614355432	834	55.9676825885937	95.0847816812636	95.0847816812636	59
20251207 210441	3124	435	0	-1	255	999983	FALSE	rmse	TRUE	regression	TRUE	TRUE	FALSE	gbdt	0	-100	-100	0.0349633919567281	0.331229961902738	553	97	4.82310740986314	9.48337501535788	0.600469160477162	37313	66.5348418896455	100.38224559457	100.38224559457	60
20251207 211244	3124	435	0	-1	255	999983	FALSE	rmse	TRUE	regression	TRUE	TRUE	FALSE	gbdt	0	-100	-100	0.0502803975764412	0.547534515161043	16	82	0.109329988365667	9.9540035007127	0.600484114499649	46812	74.3133677652675	107.412071815907	107.412071815907	61
20251207 211309	3124	435	0	-1	255	999983	FALSE	rmse	TRUE	regression	TRUE	TRUE	FALSE	gbdt	0	-100	-100	0.048509415089233	0.35751055932068	548	5	2.00759628501406	9.43455096732851	0.915303328868014	860	58.2616489453555	92.7437024395664	92.7437024395664	62
20251207 211333	3124	435	0	-1	255	999983	FALSE	rmse	TRUE	regression	TRUE	TRUE	FALSE	gbdt	0	-100	-100	0.0828541171192539	0.311823922381009	562	68	0.0907845625279621	7.48769507928822	0.995153229306745	3109	74.2232036740605	105.796676760768	105.796676760768	63
20251207 211414	3124	435	0	-1	255	999983	FALSE	rmse	TRUE	regression	TRUE	TRUE	FALSE	gbdt	0	-100	-100	0.150312866936203	0.43398871651784	1417	41	0.190663304470364	9.99015064599767	0.607411526079165	3246	82.6786395595861	107.460359174264	107.460359174264	64
20251207 211536	3124	435	0	-1	255	999983	FALSE	rmse	TRUE	regression	TRUE	TRUE	FALSE	gbdt	0	-100	-100	0.0502178435711304	0.852747278240139	1493	33	3.25388451109827	8.56106814453109	0.600020886300307	2415	59.7693211904199	88.6493690425378	88.6493690425378	65
20251207 211842	3124	435	0	-1	255	999983	FALSE	rmse	TRUE	regression	TRUE	TRUE	FALSE	gbdt	0	-100	-100	0.0592717982431703	0.821470610043451	869	88	4.73569888429107	6.69540158760211	0.600683810513527	11716	80.6626355629258	109.550805569732	109.550805569732	66
20251207 211901	3124	435	0	-1	255	999983	FALSE	rmse	TRUE	regression	TRUE	TRUE	FALSE	gbdt	0	-100	-100	0.0545843911875973	0.306625058603794	447	12	3.69419854165225	6.88385232829987	0.601854791988574	810	61.5784309201629	94.1235656078494	94.1235656078494	67
20251207 211910	3124	435	0	-1	255	999983	FALSE	rmse	TRUE	regression	TRUE	TRUE	FALSE	gbdt	0	-100	-100	0.122208190474891	0.883636275390469	10	5	4.87145094315025	1.06194520497605	0.697489897051452	33	111.226104352447	131.086244291004	131.086244291004	68
20251207 212108	3124	435	0	-1	255	999983	FALSE	rmse	TRUE	regression	TRUE	TRUE	FALSE	gbdt	0	-100	-100	0.0100092715696241	0.540158811480405	430	5	4.4770775624742	9.46198538232077	0.781545585795315	3354	55.9262438562308	90.3872708315076	90.3872708315076	69
20251207 212129	3124	435	0	-1	255	999983	FALSE	rmse	TRUE	regression	TRUE	TRUE	FALSE	gbdt	0	-100	-100	0.0532035351203002	0.431047107819828	314	5	4.98326250361997	7.48046097834923	0.993012764099161	573	53.0450584190031	89.9848163628658	89.9848163628658	70
20251207 212151	3124	435	0	-1	255	999983	FALSE	rmse	TRUE	regression	TRUE	TRUE	FALSE	gbdt	0	-100	-100	0.0346204607360071	0.324573618949039	225	7	4.371634038051	7.70243139407044	0.867898202645884	818	58.6194011257476	93.5854206059782	93.5854206059782	71
20251207 212237	3124	435	0	-1	255	999983	FALSE	rmse	TRUE	regression	TRUE	TRUE	FALSE	gbdt	0	-100	-100	0.0554150373626801	0.608112898097251	238	16	2.91754179588883	9.8362494214539	0.669649024458836	1246	74.6894341917014	96.3675443832674	96.3675443832674	72
20251207 212517	3124	435	0	-1	255	999983	FALSE	rmse	TRUE	regression	TRUE	TRUE	FALSE	gbdt	0	-100	-100	0.0130417811204771	0.373714803295625	18	54	4.96338630698385	5.72277870085388	0.603431464953275	19097	68.901307084674	100.834045116399	100.834045116399	73
20251207 212605	3124	435	0	-1	255	999983	FALSE	rmse	TRUE	regression	TRUE	TRUE	FALSE	gbdt	0	-100	-100	0.138175867413122	0.899331402871942	1500	47	1.54645720031265	7.15517644112262	0.97811587077719	1741	75.5617856506296	97.9662474666664	97.9662474666664	74
20251207 212903	3124	435	0	-1	255	999983	FALSE	rmse	TRUE	regression	TRUE	TRUE	FALSE	gbdt	0	-100	-100	0.021212705685803	0.756228199809552	636	36	4.90809197084726	6.71145649484148	0.632399696855499	6735	57.8277090795568	87.8803273146465	87.8803273146465	75
20251207 213110	3124	435	0	-1	255	999983	FALSE	rmse	TRUE	regression	TRUE	TRUE	FALSE	gbdt	0	-100	-100	0.0196591194485956	0.522737190397562	608	35	2.29671082858008	6.83964502144484	0.600608971391727	9521	57.9857845090533	90.4714075368532	90.4714075368532	76
20251207 213222	3124	435	0	-1	255	999983	FALSE	rmse	TRUE	regression	TRUE	TRUE	FALSE	gbdt	0	-100	-100	0.0775534014248789	0.885768234848975	610	37	4.45001460899387	8.64103580525726	0.6020495439234	2917	60.0174869134627	97.5672503823704	97.5672503823704	77
20251207 213249	3124	435	0	-1	255	999983	FALSE	rmse	TRUE	regression	TRUE	TRUE	FALSE	gbdt	0	-100	-100	0.191767895203628	0.30360523458732	826	101	0.686245580021777	9.19055275944545	0.747050354164914	2462	66.1828515792297	107.317215240141	107.317215240141	78
20251207 213348	3124	435	0	-1	255	999983	FALSE	rmse	TRUE	regression	TRUE	TRUE	FALSE	gbdt	0	-100	-100	0.0518086482353592	0.483200343120297	601	48	4.98955517103516	5.22459450464646	0.95365862868916	4735	69.5494882223936	99.606570855822	99.606570855822	79
20251207 214151	3124	435	0	-1	255	999983	FALSE	rmse	TRUE	regression	TRUE	TRUE	FALSE	gbdt	0	-100	-100	0.0100261263851233	0.722645330795949	629	60	1.24108425207095	5.7237436860842	0.613638437630758	21296	87.8984747226705	101.205487791848	101.205487791848	80
20251207 214228	3124	435	0	-1	255	999983	FALSE	rmse	TRUE	regression	TRUE	TRUE	FALSE	gbdt	0	-100	-100	0.107244418667802	0.30860327590763	741	107	4.99988222528844	8.14947488146008	0.980924036497025	5181	72.1169159560239	110.568455645279	110.568455645279	81
20251207 214244	3124	435	0	-1	255	999983	FALSE	rmse	TRUE	regression	TRUE	TRUE	FALSE	gbdt	0	-100	-100	0.178883630656247	0.614723725583571	753	5	4.99895276157841	7.00194135295119	0.935370295606968	148	72.0792856929317	99.3573020892597	99.3573020892597	82
20251207 214317	3124	435	0	-1	255	999983	FALSE	rmse	TRUE	regression	TRUE	TRUE	FALSE	gbdt	0	-100	-100	0.198889269050682	0.853361714887692	1485	53	4.84822532278791	3.7808096543833	0.714776743008211	1075	75.0093939082692	103.891613728582	103.891613728582	83
20251207 214537	3124	435	0	-1	255	999983	FALSE	rmse	TRUE	regression	TRUE	TRUE	FALSE	gbdt	0	-100	-100	0.0332383929375546	0.759157488920167	1313	33	0.428438339973018	7.91481276178174	0.623451960515526	3916	58.2703418779207	88.626211954445	88.626211954445	84
20251207 220003	3124	435	0	-1	255	999983	FALSE	rmse	TRUE	regression	TRUE	TRUE	FALSE	gbdt	0	-100	-100	0.0105304362972791	0.313062231206531	42	103	1.45243009216782	8.69929243924546	0.838927505100763	99985	64.1082102944634	99.9165410854336	99.9165410854336	85
20251207 221655	3124	435	0	-1	255	999983	FALSE	rmse	TRUE	regression	TRUE	TRUE	FALSE	gbdt	0	-100	-100	0.0117654292576388	0.303757004712986	1378	102	0.982967706367869	9.09984806212391	0.619798345037179	99991	62.2206738265193	97.1871273103232	97.1871273103232	86
20251207 221848	3124	435	0	-1	255	999983	FALSE	rmse	TRUE	regression	TRUE	TRUE	FALSE	gbdt	0	-100	-100	0.0408718846537426	0.786468508380045	1498	5	4.6065259663233	9.98333048532092	0.641625682183061	637	63.4452956963809	92.8273287922388	92.8273287922388	87
20251207 222138	3124	435	0	-1	255	999983	FALSE	rmse	TRUE	regression	TRUE	TRUE	FALSE	gbdt	0	-100	-100	0.0181018013826199	0.746132998885664	1370	33	4.59341442174319	6.56246605886722	0.606286717687707	5840	59.487381275346	88.1743001372223	88.1743001372223	88
20251207 222758	3124	435	0	-1	255	999983	FALSE	rmse	TRUE	regression	TRUE	TRUE	FALSE	gbdt	0	-100	-100	0.0319896385878395	0.503063677595898	384	105	1.31307582944928	6.25930344830544	0.600803766620821	38284	65.7922381618182	102.837714633336	102.837714633336	89
20251207 222827	3124	435	0	-1	255	999983	FALSE	rmse	TRUE	regression	TRUE	TRUE	FALSE	gbdt	0	-100	-100	0.0559581871279953	0.431527753167053	1467	5	3.85486938029803	9.90420319070398	0.996008812705518	609	60.3501407164064	96.4905059870025	96.4905059870025	90
20251207 223001	3124	435	0	-1	255	999983	FALSE	rmse	TRUE	regression	TRUE	TRUE	FALSE	gbdt	0	-100	-100	0.0447024954724398	0.743509756073939	1449	34	2.11990398196137	7.63008630684163	0.628509928578464	3038	63.2957006210703	93.249045214748	93.249045214748	91
20251207 223408	3124	435	0	-1	255	999983	FALSE	rmse	TRUE	regression	TRUE	TRUE	FALSE	gbdt	0	-100	-100	0.0111840093827905	0.489835878981216	627	33	4.86011713780949	5.57165938753665	0.719061299081321	16857	60.8452874278913	91.9023646997812	91.9023646997812	92
20251207 223805	3124	435	0	-1	255	999983	FALSE	rmse	TRUE	regression	TRUE	TRUE	FALSE	gbdt	0	-100	-100	0.0203178819042792	0.894026652469268	1311	33	4.97648590160029	9.4498625388756	0.67141077440703	8291	56.3915098105201	87.4882911750243	87.4882911750243	93
20251207 224023	3124	435	0	-1	255	999983	FALSE	rmse	TRUE	regression	TRUE	TRUE	FALSE	gbdt	0	-100	-100	0.0161526607232342	0.80562029728462	1001	15	4.99840110719104	9.88908457220547	0.600165452404179	3730	64.6629437821066	93.098550235284	93.098550235284	94
20251207 224517	3124	435	0	-1	255	999983	FALSE	rmse	TRUE	regression	TRUE	TRUE	FALSE	gbdt	0	-100	-100	0.0220381972580008	0.847287427984516	605	36	2.91585245179449e-05	6.65812938496658	0.998437482305926	8824	58.1935284181952	90.7625087650293	90.7625087650293	95
20251207 224744	3124	435	0	-1	255	999983	FALSE	rmse	TRUE	regression	TRUE	TRUE	FALSE	gbdt	0	-100	-100	0.143095157041441	0.730160627625178	848	35	0.000242305350791509	8.39126506357805	0.990916463739884	5937	69.3876191571483	96.1890187498852	96.1890187498852	96
20251207 225246	3124	435	0	-1	255	999983	FALSE	rmse	TRUE	regression	TRUE	TRUE	FALSE	gbdt	0	-100	-100	0.0221052546928275	0.899479489003503	765	36	0.118278895300378	6.62007019243662	0.723921383644267	10723	58.235743736762	89.2721216828645	89.2721216828645	97
20251207 230211	3124	435	0	-1	255	999983	FALSE	rmse	TRUE	regression	TRUE	TRUE	FALSE	gbdt	0	-100	-100	0.0199135227857695	0.556814344154683	732	37	0.00100241375255243	5.03303121636135	0.9135287920102	31776	55.4247871902185	94.5221465652114	94.5221465652114	98
20251207 231221	3124	435	0	-1	255	999983	FALSE	rmse	TRUE	regression	TRUE	TRUE	FALSE	gbdt	0	-100	-100	0.0102099130090762	0.805975575989724	772	33	0.402787764570306	9.47923189728616	0.625043071185726	21533	54.3235827711084	89.3644665013176	89.3644665013176	99
20251207 231837	3124	435	0	-1	255	999983	FALSE	rmse	TRUE	regression	TRUE	TRUE	FALSE	gbdt	0	-100	-100	0.154961934378807	0.898385121196087	1500	103	0.127097034237681	9.30186976245183	0.852393594173769	22718	67.7196416847857	99.6871480427397	99.6871480427397	100
20251207 232355	3124	435	0	-1	255	999983	FALSE	rmse	TRUE	regression	TRUE	TRUE	FALSE	gbdt	0	-100	-100	0.0121170981113134	0.858839143700397	531	35	4.98736980793891	8.3691106152139	0.96593907904269	12486	59.7118472321803	92.9328535255206	92.9328535255206	101
20251208 002144	3124	435	0	-1	255	999983	FALSE	rmse	TRUE	regression	TRUE	TRUE	FALSE	gbdt	0	-100	-100	0.0488220470584313	0.872849030288255	1445	33	0.0361867317497103	9.37559894564439	0.832488030574652	3516	57.8535087530916	88.5392097484743	88.5392097484743	102
20251208 004542	3124	435	0	-1	255	999983	FALSE	rmse	TRUE	regression	TRUE	TRUE	FALSE	gbdt	0	-100	-100	0.0149754229441889	0.60145251299234	11	102	4.30944090507813	9.68257579273156	0.715085910318347	99995	62.1448813023319	97.8239326351106	97.8239326351106	103
20251208 010147	3124	435	0	-1	255	999983	FALSE	rmse	TRUE	regression	TRUE	TRUE	FALSE	gbdt	0	-100	-100	0.0234915553175387	0.863105696499832	1396	104	2.55450363831519	9.93019382712379	0.768012328180386	56295	64.820546453288	101.009107256839	101.009107256839	104
20251208 010428	3124	435	0	-1	255	999983	FALSE	rmse	TRUE	regression	TRUE	TRUE	FALSE	gbdt	0	-100	-100	0.0284145894110352	0.775617194791277	403	5	0.246291328456077	9.97553050920154	0.994802757327699	2544	65.4754904146083	96.2808650399626	96.2808650399626	105
20251208 011657	3124	435	0	-1	255	999983	FALSE	rmse	TRUE	regression	TRUE	TRUE	FALSE	gbdt	0	-100	-100	0.0100432935664913	0.352334609856326	15	80	4.78870053802846	9.77070717342791	0.818104248446076	99999	70.988732228571	107.451863051385	107.451863051385	106
20251208 011734	3124	435	0	-1	255	999983	FALSE	rmse	TRUE	regression	TRUE	TRUE	FALSE	gbdt	0	-100	-100	0.189473447513192	0.857094858125376	64	59	0.0257851082084768	3.92388073413482	0.824240405391253	1515	81.8866049134866	101.164857402202	101.164857402202	107
20251208 012343	3124	435	0	-1	255	999983	FALSE	rmse	TRUE	regression	TRUE	TRUE	FALSE	gbdt	0	-100	-100	0.0110702901579688	0.852934367607269	1363	34	4.60936308760983	9.06987502179344	0.600829334427118	17353	59.912990693331	94.6849501762415	94.6849501762415	108
20251208 012512	3124	435	0	-1	255	999983	FALSE	rmse	TRUE	regression	TRUE	TRUE	FALSE	gbdt	0	-100	-100	0.049931707153019	0.808901158964118	1265	32	4.60381011224233	6.74981508914794	0.691557468913352	3301	61.8498214802155	94.2296462715641	94.2296462715641	109
20251208 012657	3124	435	0	-1	255	999983	FALSE	rmse	TRUE	regression	TRUE	TRUE	FALSE	gbdt	0	-100	-100	0.0267051562596361	0.547603159744674	1441	31	4.97093234810817	2.66811341201	0.601222189060778	6457	67.4937437735981	102.239668510241	102.239668510241	110
20251208 012806	3124	435	0	-1	255	999983	FALSE	rmse	TRUE	regression	TRUE	TRUE	FALSE	gbdt	0	-100	-100	0.0249977225925712	0.398945633213301	914	32	0.0125022560462951	8.73248815474236	0.6445068473715	4397	57.8626569470592	94.2791632166735	94.2791632166735	111
20251208 012835	3124	435	0	-1	255	999983	FALSE	rmse	TRUE	regression	TRUE	TRUE	FALSE	gbdt	0	-100	-100	0.178904134676187	0.899821267073333	1417	37	0.107511156214481	6.10577224037866	0.600188081178755	652	66.3525153139822	101.872338671484	101.872338671484	112
20251208 013230	3124	435	0	-1	255	999983	FALSE	rmse	TRUE	regression	TRUE	TRUE	FALSE	gbdt	0	-100	-100	0.0204453555184877	0.704410218538001	670	33	3.36319351101505	6.2774021769281	0.601266609566832	10388	60.0876299865139	88.0450052199976	88.0450052199976	113
20251208 013301	3124	435	0	-1	255	999983	FALSE	rmse	TRUE	regression	TRUE	TRUE	FALSE	gbdt	0	-100	-100	0.0447110817706537	0.505173324006292	848	5	3.27178496319911	6.5472691970034	0.668717709615432	803	55.1191023005571	92.0074790329771	92.0074790329771	114
20251208 013849	3124	435	0	-1	255	999983	FALSE	rmse	TRUE	regression	TRUE	TRUE	FALSE	gbdt	0	-100	-100	0.0160790941103728	0.737044729247384	1498	33	0.632403996449836	8.30761123824402	0.936587462773087	15845	57.3383658906255	89.2873646916512	89.2873646916512	115
20251208 014102	3124	435	0	-1	255	999983	FALSE	rmse	TRUE	regression	TRUE	TRUE	FALSE	gbdt	0	-100	-100	0.0731910769297788	0.898488777337018	594	33	0.730576412972102	9.61472037527574	0.906793638963002	6339	53.0804464531415	87.8908587706153	87.8908587706153	116
20251208 014343	3124	435	0	-1	255	999983	FALSE	rmse	TRUE	regression	TRUE	TRUE	FALSE	gbdt	0	-100	-100	0.021266222350026	0.669746665077453	1498	34	3.3109403452915	6.5699216831493	0.600468929430907	6322	61.9804204823632	93.3102030782495	93.3102030782495	117
20251208 014650	3124	435	0	-1	255	999983	FALSE	rmse	TRUE	regression	TRUE	TRUE	FALSE	gbdt	0	-100	-100	0.0289460199703647	0.879681347535448	659	31	0.725439159883754	9.8232580633096	0.606177016447967	7478	57.0487929689411	95.9339300657711	95.9339300657711	118
20251208 014716	3124	435	0	-1	255	999983	FALSE	rmse	TRUE	regression	TRUE	TRUE	FALSE	gbdt	0	-100	-100	0.095348788501959	0.718559146978476	316	5	3.44516931247871	8.18627020754181	0.876464373824962	373	57.1320186949637	90.931872620648	90.931872620648	119
20251208 015225	3124	435	0	-1	255	999983	FALSE	rmse	TRUE	regression	TRUE	TRUE	FALSE	gbdt	0	-100	-100	0.0125683349740698	0.791372700186212	1017	35	0.365965626415742	8.55835089527789	0.835416687784517	11378	57.4319302498912	92.268736550637	92.268736550637	120
20251208 015955	3124	435	0	-1	255	999983	FALSE	rmse	TRUE	regression	TRUE	TRUE	FALSE	gbdt	0	-100	-100	0.0164072830665627	0.762941033963009	55	38	0.672945943751183	4.9365686990371	0.812765087588758	21722	62.1689201510799	95.6913323963115	95.6913323963115	121
20251208 020031	3124	435	0	-1	255	999983	FALSE	rmse	TRUE	regression	TRUE	TRUE	FALSE	gbdt	0	-100	-100	0.100046339556939	0.897711617902555	1452	15	2.93680276071222	9.97882722089623	0.917440894938982	837	73.7987609001438	97.9474254300075	97.9474254300075	122
20251208 020055	3124	435	0	-1	255	999983	FALSE	rmse	TRUE	regression	TRUE	TRUE	FALSE	gbdt	0	-100	-100	0.173436234962745	0.719356909864076	382	40	4.99757044413585	7.0616304950986	0.746122629595237	997	60.3940563493771	95.246662963568	95.246662963568	123
20251208 020818	3124	435	0	-1	255	999983	FALSE	rmse	TRUE	regression	TRUE	TRUE	FALSE	gbdt	0	-100	-100	0.102524790126919	0.631462984438168	1499	96	0.953392898827233	9.93565114101336	0.625813262529968	28707	73.260973521611	104.218041487504	104.218041487504	124
20251208 020844	3124	435	0	-1	255	999983	FALSE	rmse	TRUE	regression	TRUE	TRUE	FALSE	gbdt	0	-100	-100	0.167945739117923	0.507427612274055	416	64	4.99165602928671	6.13745266863656	0.752049080356503	1813	94.0391745830975	112.261763741963	112.261763741963	125
20251208 021030	3124	435	0	-1	255	999983	FALSE	rmse	TRUE	regression	TRUE	TRUE	FALSE	gbdt	0	-100	-100	0.0836363722929645	0.764511161703143	507	39	0.621646178107152	9.55119456080725	0.910916948029211	5555	54.8857587840746	92.3146907585962	92.3146907585962	126
20251208 022250	3124	435	0	-1	255	999983	FALSE	rmse	TRUE	regression	TRUE	TRUE	FALSE	gbdt	0	-100	-100	0.0103673762242492	0.30021637633679	528	101	3.34845508895305	7.2282102924953	0.647837029390248	99999	63.1670439790056	100.55809209668	100.55809209668	127
20251208 023734	3124	435	0	-1	255	999983	FALSE	rmse	TRUE	regression	TRUE	TRUE	FALSE	gbdt	0	-100	-100	0.0109168577463018	0.684944584188507	577	33	0.903900941669959	8.92218606695747	0.910656262213066	43248	55.6497078303175	89.8359682658918	89.8359682658918	128
